,timestamp,open,high,low,close,volume,close_time,quote_volume,trades,taker_buy_base,taker_buy_quote,ignore,SMA_20,EMA_50,MACD,MACD_signal,MACD_hist,BB_upper,BB_middle,BB_lower,RSI,STOCH_K,STOCH_D,STOCHRSI_K,STOCHRSI_D,MOM,WILLR,ROC,MFI,ATR,NATR,OBV,AD,ADOSC,CCI,CMO,TRIX,ULTOSC
0,2024-11-04 03:00:00,3.234,3.234,3.234,3.234,0.0,1730692799999,0,0,0,0,0,,,,,,,,,,,,,,,,,,,,0.0,0.0,,,,,
1,2024-11-04 04:00:00,3.234,3.234,3.234,3.234,0.0,1730696399999,0,0,0,0,0,,,,,,,,,,,,,,,,,,,,0.0,0.0,,,,,
2,2024-11-04 05:00:00,3.234,3.234,3.234,3.234,0.0,1730699999999,0,0,0,0,0,,,,,,,,,,,,,,,,,,,,0.0,0.0,,,,,
3,2024-11-04 06:00:00,3.234,3.234,3.234,3.234,0.0,1730703599999,0,0,0,0,0,,,,,,,,,,,,,,,,,,,,0.0,0.0,,,,,
4,2024-11-04 07:00:00,3.234,3.234,3.234,3.234,0.0,1730707199999,0,0,0,0,0,,,,,,3.2340000000000004,3.2340000000000004,3.2340000000000004,,,,,,,,,,,,0.0,0.0,,,,,
5,2024-11-04 08:00:00,3.234,3.234,3.234,3.234,0.0,1730710799999,0,0,0,0,0,,,,,,3.2340000000000004,3.2340000000000004,3.2340000000000004,,,,,,,,,,,,0.0,0.0,,,,,
6,2024-11-04 09:00:00,3.234,3.234,3.234,3.234,0.0,1730714399999,0,0,0,0,0,,,,,,3.2340000000000004,3.2340000000000004,3.2340000000000004,,,,,,,,,,,,0.0,0.0,,,,,
7,2024-11-04 10:00:00,3.234,3.234,3.234,3.234,0.0,1730717999999,0,0,0,0,0,,,,,,3.2340000000000004,3.2340000000000004,3.2340000000000004,,,,,,,,,,,,0.0,0.0,,,,,
8,2024-11-04 11:00:00,3.234,3.234,3.234,3.234,0.0,1730721599999,0,0,0,0,0,,,,,,3.2340000000000004,3.2340000000000004,3.2340000000000004,,0.0,0.0,,,,,,,,,0.0,0.0,,,,,
9,2024-11-04 12:00:00,3.234,3.234,3.234,3.234,0.0,1730725199999,0,0,0,0,0,,,,,,3.2340000000000004,3.2340000000000004,3.2340000000000004,,0.0,0.0,,,,,,,,,0.0,0.0,0.0,,,,
10,2024-11-04 13:00:00,3.234,3.234,3.234,3.234,0.0,1730728799999,0,0,0,0,0,,,,,,3.2340000000000004,3.2340000000000004,3.2340000000000004,,0.0,0.0,,,0.0,,0.0,,,,0.0,0.0,0.0,,,,
11,2024-11-04 14:00:00,3.234,3.234,3.234,3.234,0.0,1730732399999,0,0,0,0,0,,,,,,3.2340000000000004,3.2340000000000004,3.2340000000000004,,0.0,0.0,,,0.0,,0.0,,,,0.0,0.0,0.0,,,,
12,2024-11-04 15:00:00,3.234,3.234,3.234,3.234,0.0,1730735999999,0,0,0,0,0,,,,,,3.2340000000000004,3.2340000000000004,3.2340000000000004,,0.0,0.0,,,0.0,,0.0,,,,0.0,0.0,0.0,,,,
13,2024-11-04 16:00:00,3.234,3.234,3.234,3.234,0.0,1730739599999,0,0,0,0,0,,,,,,3.2340000000000004,3.2340000000000004,3.2340000000000004,,0.0,0.0,,,0.0,0.0,0.0,,,,0.0,0.0,0.0,-66.66666666666667,,,
14,2024-11-04 17:00:00,3.234,3.234,3.234,3.234,0.0,1730743199999,0,0,0,0,0,,,,,,3.2340000000000004,3.2340000000000004,3.2340000000000004,0.0,0.0,0.0,,,0.0,0.0,0.0,0.0,0.0,0.0,0.0,0.0,0.0,-66.66666666666667,0.0,,
15,2024-11-04 18:00:00,3.234,3.234,3.234,3.234,0.0,1730746799999,0,0,0,0,0,,,,,,3.2340000000000004,3.2340000000000004,3.2340000000000004,0.0,0.0,0.0,,,0.0,0.0,0.0,0.0,0.0,0.0,0.0,0.0,0.0,-66.66666666666667,0.0,,
16,2024-11-04 19:00:00,3.234,3.234,3.234,3.234,0.0,1730750399999,0,0,0,0,0,,,,,,3.2340000000000004,3.2340000000000004,3.2340000000000004,0.0,0.0,0.0,,,0.0,0.0,0.0,0.0,0.0,0.0,0.0,0.0,0.0,-66.66666666666667,0.0,,
17,2024-11-04 20:00:00,3.234,3.234,3.234,3.234,0.0,1730753999999,0,0,0,0,0,,,,,,3.2340000000000004,3.2340000000000004,3.2340000000000004,0.0,0.0,0.0,,,0.0,0.0,0.0,0.0,0.0,0.0,0.0,0.0,0.0,-66.66666666666667,0.0,,
18,2024-11-04 21:00:00,3.234,3.234,3.234,3.234,0.0,1730757599999,0,0,0,0,0,,,,,,3.2340000000000004,3.2340000000000004,3.2340000000000004,0.0,0.0,0.0,,,0.0,0.0,0.0,0.0,0.0,0.0,0.0,0.0,0.0,-66.66666666666667,0.0,,
19,2024-11-04 22:00:00,3.234,3.234,3.234,3.234,0.0,1730761199999,0,0,0,0,0,3.234000000000001,,,,,3.2340000000000004,3.2340000000000004,3.2340000000000004,0.0,0.0,0.0,,,0.0,0.0,0.0,0.0,0.0,0.0,0.0,0.0,0.0,-66.66666666666667,0.0,,
20,2024-11-04 23:00:00,3.234,3.234,3.234,3.234,0.0,1730764799999,0,0,0,0,0,3.234000000000001,,,,,3.2340000000000004,3.2340000000000004,3.2340000000000004,0.0,0.0,0.0,0.0,0.0,0.0,0.0,0.0,0.0,0.0,0.0,0.0,0.0,0.0,-66.66666666666667,0.0,,
21,2024-11-05 00:00:00,3.234,3.234,3.234,3.234,0.0,1730768399999,0,0,0,0,0,3.234000000000001,,,,,3.2340000000000004,3.2340000000000004,3.2340000000000004,0.0,0.0,0.0,0.0,0.0,0.0,0.0,0.0,0.0,0.0,0.0,0.0,0.0,0.0,-66.66666666666667,0.0,,
22,2024-11-05 01:00:00,3.234,3.234,3.234,3.234,0.0,1730771999999,0,0,0,0,0,3.234000000000001,,,,,3.2340000000000004,3.2340000000000004,3.2340000000000004,0.0,0.0,0.0,0.0,0.0,0.0,0.0,0.0,0.0,0.0,0.0,0.0,0.0,0.0,-66.66666666666667,0.0,,
23,2024-11-05 02:00:00,3.234,3.234,3.234,3.234,0.0,1730775599999,0,0,0,0,0,3.234000000000001,,,,,3.2340000000000004,3.2340000000000004,3.2340000000000004,0.0,0.0,0.0,0.0,0.0,0.0,0.0,0.0,0.0,0.0,0.0,0.0,0.0,0.0,-66.66666666666667,0.0,,
24,2024-11-05 03:00:00,3.234,3.234,3.234,3.234,0.0,1730779199999,0,0,0,0,0,3.234000000000001,,,,,3.2340000000000004,3.2340000000000004,3.2340000000000004,0.0,0.0,0.0,0.0,0.0,0.0,0.0,0.0,0.0,0.0,0.0,0.0,0.0,0.0,-66.66666666666667,0.0,,
25,2024-11-05 04:00:00,3.234,3.234,3.234,3.234,0.0,1730782799999,0,0,0,0,0,3.234000000000001,,,,,3.2340000000000004,3.2340000000000004,3.2340000000000004,0.0,0.0,0.0,0.0,0.0,0.0,0.0,0.0,0.0,0.0,0.0,0.0,0.0,0.0,-66.66666666666667,0.0,,
26,2024-11-05 05:00:00,3.234,3.234,3.234,3.234,0.0,1730786399999,0,0,0,0,0,3.234000000000001,,,,,3.2340000000000004,3.2340000000000004,3.2340000000000004,0.0,0.0,0.0,0.0,0.0,0.0,0.0,0.0,0.0,0.0,0.0,0.0,0.0,0.0,-66.66666666666667,0.0,,
27,2024-11-05 06:00:00,3.234,3.234,3.234,3.234,0.0,1730789999999,0,0,0,0,0,3.234000000000001,,,,,3.2340000000000004,3.2340000000000004,3.2340000000000004,0.0,0.0,0.0,0.0,0.0,0.0,0.0,0.0,0.0,0.0,0.0,0.0,0.0,0.0,-66.66666666666667,0.0,,
28,2024-11-05 07:00:00,3.234,3.234,3.234,3.234,0.0,1730793599999,0,0,0,0,0,3.234000000000001,,,,,3.2340000000000004,3.2340000000000004,3.2340000000000004,0.0,0.0,0.0,0.0,0.0,0.0,0.0,0.0,0.0,0.0,0.0,0.0,0.0,0.0,-66.66666666666667,0.0,,0.0
29,2024-11-05 08:00:00,3.064,3.064,3.064,3.064,2.8,1730797199999,8.5792000,1,0,0,0,3.225500000000001,,,,,3.335999999999944,3.2,3.0640000000000565,0.0,0.0,0.0,0.0,0.0,-0.16999999999999993,-100.0,-5.256648113790973,0.0,0.012142857142857138,0.39630734800447576,-2.8,0.0,0.0,-466.66666666668766,-100.0,,0.0
30,2024-11-05 09:00:00,3.064,3.064,3.064,3.064,0.0,1730800799999,0,0,0,0,0,3.217000000000001,,,,,3.332565302509251,3.166,2.9994346974907486,0.0,0.0,0.0,0.0,0.0,-0.16999999999999993,-100.0,-5.256648113790973,0.0,0.011275510204081627,0.36799968028987035,-2.8,0.0,0.0,-233.33333333333974,-100.0,,0.0
31,2024-11-05 10:00:00,3.064,3.064,3.064,3.064,0.0,1730804399999,0,0,0,0,0,3.208500000000001,,,,,3.29856530250923,3.132,2.96543469749077,0.0,0.0,0.0,0.0,0.0,-0.16999999999999993,-100.0,-5.256648113790973,0.0,0.010470116618075797,0.3417139888405939,-2.8,0.0,0.0,-155.5555555555578,-100.0,,0.0
32,2024-11-05 11:00:00,3.064,3.064,3.064,3.064,0.0,1730807999999,0,0,0,0,0,3.2000000000000006,,,,,3.23399999999997,3.098,2.96200000000003,0.0,0.0,0.0,0.0,0.0,-0.16999999999999993,-100.0,-5.256648113790973,0.0,0.009722251145356098,0.3173058467805515,-2.8,0.0,0.0,-116.66666666666826,-100.0,,0.0
33,2024-11-05 12:00:00,3.064,3.064,3.064,3.064,0.0,1730811599999,0,0,0,0,0,3.1915000000000004,,-0.041960425017338654,-0.016591517548272556,-0.025368907469066098,3.064,3.064,3.064,0.0,0.0,0.0,0.0,0.0,-0.16999999999999993,-100.0,-5.256648113790973,0.0,0.00902780463497352,0.2946411434390836,-2.8,0.0,0.0,-93.33333333333462,-100.0,,0.0
34,2024-11-05 13:00:00,3.064,3.064,3.064,3.064,0.0,1730815199999,0,0,0,0,0,3.1830000000000007,,-0.044734536319174456,-0.022220121302452937,-0.02251441501672152,3.064,3.064,3.064,0.0,0.0,0.0,0.0,0.0,-0.16999999999999993,-100.0,-5.256648113790973,0.0,0.008382961446761126,0.27359534747914904,-2.8,0.0,0.0,-77.77777777777891,-100.0,,0.0
35,2024-11-05 14:00:00,3.064,3.064,3.064,3.064,0.0,1730818799999,0,0,0,0,0,3.1745000000000005,,-0.04639819005914081,-0.02705573505379051,-0.019342455005350298,3.064,3.064,3.064,0.0,0.0,0.0,0.0,0.0,-0.16999999999999993,-100.0,-5.256648113790973,0.0,0.007784178486278188,0.25405282265920975,-2.8,0.0,0.0,-66.66666666666737,-100.0,,0.0
36,2024-11-05 15:00:00,3.064,3.064,3.064,3.064,0.0,1730822399999,0,0,0,0,0,3.1660000000000004,,-0.047172868173825044,-0.031079161677797416,-0.016093706496027628,3.064,3.064,3.064,0.0,0.0,0.0,0.0,0.0,-0.16999999999999993,-100.0,-5.256648113790973,0.0,0.007228165737258318,0.23590619246926622,-2.8,0.0,0.0,-58.333333333333734,-100.0,,0.0
37,2024-11-05 16:00:00,3.064,3.064,3.064,3.064,0.0,1730825999999,0,0,0,0,0,3.1575,,-0.04724222717337723,-0.03431177477691338,-0.01293045239646385,3.064,3.064,3.064,0.0,0.0,0.0,0.0,0.0,-0.16999999999999993,-100.0,-5.256648113790973,0.0,0.006711868184597009,0.21905575015003292,-2.8,0.0,0.0,-51.85185185185232,-100.0,,0.0
38,2024-11-05 17:00:00,3.064,3.064,3.064,3.064,0.0,1730829599999,0,0,0,0,0,3.149,,-0.04675819531065173,-0.036801058883661045,-0.009957136426990684,3.064,3.064,3.064,0.0,0.0,0.0,0.0,0.0,-0.16999999999999993,-100.0,-5.256648113790973,0.0,0.006232449028554366,0.20340891085360202,-2.8,0.0,0.0,-46.66666666666692,-100.0,,0.0
39,2024-11-05 18:00:00,3.064,3.064,3.064,3.064,0.0,1730833199999,0,0,0,0,0,3.1405000000000003,,-0.04584611114115855,-0.03861006933516055,-0.007236041805998003,3.064,3.064,3.064,0.0,0.0,0.0,0.0,0.0,0.0,-100.0,0.0,0.0,0.00578727409794334,0.1888797029354876,-2.8,0.0,0.0,-42.424242424242806,-100.0,,0.0
40,2024-11-05 19:00:00,3.064,3.064,3.064,3.064,0.0,1730836799999,0,0,0,0,0,3.132,,-0.04460905247684188,-0.03980986596349682,-0.004799186513345065,3.064,3.064,3.064,0.0,0.0,0.0,0.0,0.0,0.0,-100.0,0.0,0.0,0.005373897376661674,0.1753882955829528,-2.8,0.0,0.0,-38.88888888888907,-100.0,,0.0
41,2024-11-05 20:00:00,3.064,3.064,3.064,3.064,0.0,1730840399999,0,0,0,0,0,3.1235,,-0.04313148170021952,-0.04047418911084136,-0.002657292589378163,3.064,3.064,3.064,0.0,0.0,0.0,0.0,0.0,0.0,-100.0,0.0,0.0,0.004990047564042983,0.16286056018417047,-2.8,0.0,0.0,-35.8974358974364,-100.0,,0.0
42,2024-11-05 21:00:00,3.064,3.064,3.064,3.064,0.0,1730843999999,0,0,0,0,0,3.1149999999999998,,-0.041482313921381575,-0.0406758140729494,-0.0008064998484321739,3.064,3.064,3.064,0.0,0.0,0.0,0.0,0.0,0.0,0.0,0.0,0.0,0.00463361559518277,0.1512276630281583,-2.8,0.0,0.0,0.0,-100.0,,0.0
43,2024-11-05 22:00:00,3.064,3.064,3.064,3.064,0.0,1730847599999,0,0,0,0,0,3.1064999999999996,,-0.03971749798159241,-0.040484150854678005,0.0007666528730855965,3.064,3.064,3.064,0.0,0.0,0.0,0.0,0.0,0.0,0.0,0.0,0.0,0.004302643052669715,0.14042568709757555,-2.8,0.0,0.0,0.0,-100.0,,0.0
44,2024-11-05 23:00:00,3.064,3.064,3.064,3.064,0.0,1730851199999,0,0,0,0,0,3.098,,-0.037882186370856274,-0.03996375795791366,0.002081571587057386,3.064,3.064,3.064,0.0,0.0,0.0,0.0,0.0,0.0,0.0,0.0,0.0,0.00399531140605045,0.13039528087632016,-2.8,0.0,0.0,0.0,-100.0,,0.0
45,2024-11-06 00:00:00,3.064,3.064,3.064,3.064,0.0,1730854799999,0,0,0,0,0,3.0894999999999997,,-0.03601255834112438,-0.03917351803455581,0.0031609596934314282,3.064,3.064,3.064,0.0,0.0,0.0,0.0,0.0,0.0,0.0,0.0,0.0,0.0037099320199039895,0.12108133224229731,-2.8,0.0,0.0,0.0,-100.0,,0.0
46,2024-11-06 01:00:00,3.064,3.064,3.064,3.064,0.0,1730858399999,0,0,0,0,0,3.0809999999999995,,-0.03413735053046718,-0.03816628453373808,0.004028934003270902,3.064,3.064,3.064,0.0,0.0,0.0,0.0,0.0,0.0,0.0,0.0,0.0,0.003444936875625133,0.11243266565356179,-2.8,0.0,0.0,0.0,-100.0,,0.0
47,2024-11-06 02:00:00,3.064,3.064,3.064,3.064,0.0,1730861999999,0,0,0,0,0,3.0724999999999993,,-0.032279140986157806,-0.036988855824222025,0.004709714838064219,3.064,3.064,3.064,0.0,0.0,0.0,0.0,0.0,0.0,0.0,0.0,0.0,0.0031988699559376238,0.10440176096402165,-2.8,0.0,0.0,0.0,-100.0,,0.0
48,2024-11-06 03:00:00,3.064,3.064,3.064,3.064,2612.8,1730865599999,8005.6192000,2,2612.8,8005.6192000,0,3.063999999999999,,-0.03045542534903589,-0.035682169729184796,0.005226744380148904,3.064,3.064,3.064,0.0,0.0,0.0,0.0,0.0,0.0,0.0,0.0,0.0,0.002970379244799222,0.0969444923237344,-2.8,0.0,0.0,0.0,-100.0,,0.0
49,2024-11-06 04:00:00,3.064,3.064,3.064,3.064,0.0,1730869199999,0,0,0,0,0,3.063999999999999,3.1625999999999963,-0.028679517937057142,-0.034281639370759266,0.005602121433702124,3.064,3.064,3.064,0.0,0.0,0.0,0.0,0.0,0.0,0.0,0.0,0.0,0.002758209298742135,0.09001988572918194,-2.8,0.0,0.0,0.0,-100.0,,0.0
50,2024-11-06 05:00:00,3.064,3.064,3.064,3.064,0.0,1730872799999,0,0,0,0,0,3.063999999999999,3.1587333333333296,-0.0269613053728337,-0.03281757257117415,0.0058562671983404535,3.064,3.064,3.064,0.0,0.0,0.0,0.0,0.0,0.0,0.0,0.0,0.0,0.0025611943488319825,0.08358989389138324,-2.8,0.0,0.0,0.0,-100.0,,0.0
51,2024-11-06 06:00:00,3.064,3.064,3.064,3.064,0.0,1730876399999,0,0,0,0,0,3.063999999999999,3.155018300653591,-0.025307876094620596,-0.03131563327586344,0.006007757181242843,3.064,3.064,3.064,0.0,0.0,0.0,0.0,0.0,0.0,0.0,0.0,0.0,0.002378251895343984,0.07761918718485587,-2.8,0.0,0.0,0.0,-100.0,,0.0
52,2024-11-06 07:00:00,3.064,3.064,3.064,3.064,0.0,1730879999999,0,0,0,0,0,3.063999999999999,3.1514489555299208,-0.023724045451067433,-0.029797315710904236,0.0060732702598368035,3.064,3.064,3.064,0.0,0.0,0.0,0.0,0.0,0.0,0.0,0.0,0.0,0.002208376759962271,0.07207495952879474,-2.8,0.0,0.0,0.0,-100.0,,0.0
53,2024-11-06 08:00:00,3.064,3.064,3.064,3.064,0.0,1730883599999,0,0,0,0,0,3.063999999999999,3.148019584724826,-0.02221279300439738,-0.028280411169602865,0.006067618165205485,3.064,3.064,3.064,0.0,0.0,0.0,0.0,0.0,0.0,0.0,0.0,0.0,0.0020506355628221087,0.06692674813388083,-2.8,0.0,0.0,0.0,-100.0,,0.0
54,2024-11-06 09:00:00,3.064,3.064,3.064,3.064,0.0,1730887199999,0,0,0,0,0,3.063999999999999,3.1447246990493425,-0.020775626067497388,-0.02677945414918177,0.006003828081684381,3.064,3.064,3.064,0.0,0.0,0.0,0.0,0.0,0.0,0.0,0.0,0.0,0.001904161594049101,0.062146266124317916,-2.8,0.0,0.0,0.0,-100.0,,0.0
55,2024-11-06 10:00:00,3.064,3.064,3.064,3.064,0.0,1730890799999,0,0,0,0,0,3.063999999999999,3.1415590245768192,-0.019412881304199825,-0.02530613958018538,0.005893258275985556,3.064,3.064,3.064,0.0,0.0,0.0,0.0,0.0,0.0,0.0,0.0,0.0,0.0017681500516170225,0.057707247115438065,-2.8,0.0,0.0,0.0,-100.0,,0.0
56,2024-11-06 11:00:00,3.064,3.064,3.064,3.064,0.0,1730894399999,0,0,0,0,0,3.063999999999999,3.138517494201258,-0.018123974366525353,-0.023869706537453374,0.005745732170928022,3.064,3.064,3.064,0.0,0.0,0.0,0.0,0.0,0.0,0.0,0.0,0.0,0.0016418536193586637,0.05358530089290678,-2.8,0.0,0.0,0.0,-100.0,,0.0
57,2024-11-06 12:00:00,3.064,3.064,3.064,3.064,0.0,1730897999999,0,0,0,0,0,3.063999999999999,3.135595239526699,-0.016907605975281292,-0.022477286425018957,0.005569680449737664,3.064,3.064,3.064,0.0,0.0,0.0,0.0,0.0,0.0,0.0,0.0,0.0,0.0015245783608330448,0.04975777940055629,-2.8,0.0,0.0,0.0,-100.0,,0.0
58,2024-11-06 13:00:00,3.064,3.064,3.064,3.064,0.0,1730901599999,0,0,0,0,0,3.063999999999999,3.1327875830746716,-0.01576193152658245,-0.021134215445331655,0.005372283918749204,3.064,3.064,3.064,0.0,0.0,0.0,0.0,0.0,0.0,0.0,0.0,0.0,0.0014156799064878273,0.04620365230051656,-2.8,0.0,0.0,0.0,-100.0,,0.0
59,2024-11-06 14:00:00,3.064,3.064,3.064,3.064,161.3,1730905199999,494.2232000,1,161.3,494.2232000,0,3.063999999999999,3.1300900307972337,-0.014684700188980049,-0.019844312394061335,0.005159612205081286,3.064,3.064,3.064,0.0,0.0,0.0,0.0,0.0,0.0,0.0,0.0,0.0,0.001314559913167268,0.04290339142190822,-2.8,0.0,0.0,0.0,-100.0,,0.0
60,2024-11-06 15:00:00,3.064,3.064,3.064,3.064,0.0,1730908799999,0,0,0,0,0,3.063999999999999,3.1274982648836165,-0.013673368512066908,-0.018610123617662448,0.00493675510559554,3.064,3.064,3.064,0.0,0.0,0.0,0.0,0.0,0.0,0.0,0.0,0.0,0.001220662776512463,0.03983886346320049,-2.8,0.0,0.0,0.0,-100.0,,0.0
61,2024-11-06 16:00:00,3.064,3.064,3.064,3.064,0.0,1730912399999,0,0,0,0,0,3.063999999999999,3.125008136848965,-0.01272519277075812,-0.017433137448281583,0.004707944677523463,3.064,3.064,3.064,0.0,0.0,0.0,0.0,0.0,0.0,0.0,0.0,0.0,0.0011334725781901444,0.03699323035868617,-2.8,0.0,0.0,0.0,-100.0,,0.0
62,2024-11-06 17:00:00,3.064,3.064,3.064,3.064,0.0,1730915999999,0,0,0,0,0,3.063999999999999,3.1226156608941036,-0.011837303597131754,-0.01631397067805162,0.004476667080919865,3.064,3.064,3.064,0.0,0.0,0.0,0.0,0.0,0.0,0.0,0.0,0.0,0.0010525102511765626,0.03435085676163716,-2.8,0.0,0.0,0.0,-100.0,,0.0
63,2024-11-06 18:00:00,3.064,3.064,3.064,3.064,0.0,1730919599999,0,0,0,0,0,3.063999999999999,3.120317007525707,-0.011006765884494119,-0.01525252971934012,0.004245763834846001,3.064,3.064,3.064,0.0,0.0,0.0,0.0,0.0,0.0,0.0,0.0,0.0,0.0009773309475210937,0.03189722413580593,-2.8,0.0,0.0,0.0,-100.0,,0.0
64,2024-11-06 19:00:00,3.064,3.064,3.064,3.064,0.0,1730923199999,0,0,0,0,0,3.063999999999999,3.1181084974266597,-0.010230626469926118,-0.01424814906945732,0.0040175225995312015,3.064,3.064,3.064,0.0,0.0,0.0,0.0,0.0,0.0,0.0,0.0,0.0,0.0009075215941267299,0.029618850983248363,-2.8,0.0,0.0,0.0,-100.0,,0.0
65,2024-11-06 20:00:00,3.064,3.064,3.064,3.064,0.0,1730926799999,0,0,0,0,0,3.063999999999999,3.115986595566791,-0.009505951698171256,-0.013299709595200108,0.0037937578970288523,3.064,3.064,3.064,0.0,0.0,0.0,0.0,0.0,0.0,0.0,0.0,0.0,0.0008426986231176777,0.027503218770159193,-2.8,0.0,0.0,0.0,-100.0,,0.0
66,2024-11-06 21:00:00,3.064,3.064,3.064,3.064,0.0,1730930399999,0,0,0,0,0,3.063999999999999,3.113947905544564,-0.008829856629723132,-0.012405739002104713,0.003575882372381581,3.064,3.064,3.064,0.0,0.0,0.0,0.0,0.0,0.0,0.0,0.0,0.0,0.0007825058643235579,0.02553870314371925,-2.8,0.0,0.0,0.0,-100.0,,0.0
67,2024-11-06 22:00:00,3.064,3.064,3.064,3.064,0.0,1730933999999,0,0,0,0,0,3.063999999999999,3.111989164150659,-0.008199527369489257,-0.011564496675581622,0.0033649693060923656,3.064,3.064,3.064,0.0,0.0,0.0,0.0,0.0,0.0,0.0,0.0,0.0,0.0007266125883004466,0.023714510062025018,-2.8,0.0,0.0,0.0,-100.0,,0.0
68,2024-11-06 23:00:00,3.064,3.064,3.064,3.064,0.0,1730937599999,0,0,0,0,0,3.063999999999999,3.110107236144751,-0.007612237751135176,-0.010774044890692332,0.0031618071395571566,3.064,3.064,3.064,0.0,0.0,0.0,0.0,0.0,0.0,0.0,0.0,0.0,0.000674711689136129,0.02202061648616609,-2.8,0.0,0.0,0.0,-100.0,,0.0
69,2024-11-07 00:00:00,3.064,3.064,3.064,3.064,0.0,1730941199999,0,0,0,0,0,3.063999999999999,3.1082991092371137,-0.007065361409106963,-0.01003230819437526,0.0029669467852682964,3.064,3.064,3.064,0.0,0.0,0.0,0.0,0.0,0.0,0.0,0.0,0.0,0.0006265179970549768,0.020447715308582796,-2.8,0.0,0.0,0.0,-100.0,,0.0
70,2024-11-07 01:00:00,3.064,3.064,3.064,3.064,0.0,1730944799999,0,0,0,0,0,3.063999999999999,3.106561889267031,-0.006556380099436598,-0.009337122575387527,0.002780742475950929,3.064,3.064,3.064,0.0,0.0,0.0,0.0,0.0,0.0,0.0,0.0,0.0,0.0005817667115510499,0.018987164215112592,-2.8,0.0,0.0,0.0,-100.0,,0.0
71,2024-11-07 02:00:00,3.064,3.064,3.064,3.064,0.0,1730948399999,0,0,0,0,0,3.063999999999999,3.1048927955702843,-0.006082888986738588,-0.00868627585765774,0.002603386870919152,3.064,3.064,3.064,0.0,0.0,0.0,0.0,0.0,0.0,0.0,0.0,0.0,0.0005402119464402607,0.017630938199747412,-2.8,0.0,0.0,0.0,-100.0,,0.0
72,2024-11-07 03:00:00,3.064,3.064,3.064,3.064,0.0,1730951999999,0,0,0,0,0,3.063999999999999,3.1032891565283123,-0.0056425994940352275,-0.008077540584933238,0.002434941090898011,3.064,3.064,3.064,0.0,0.0,0.0,0.0,0.0,0.0,0.0,0.0,0.0,0.0005016253788373849,0.016371585471194022,-2.8,0.0,0.0,0.0,-100.0,,0.0
73,2024-11-07 04:00:00,3.064,3.064,3.064,3.064,0.0,1730955599999,0,0,0,0,0,3.063999999999999,3.1017484052919078,-0.00523334021064592,-0.007508700510075775,0.0022753602994298548,3.064,3.064,3.064,0.0,0.0,0.0,0.0,0.0,0.0,0.0,0.0,0.0,0.00046579499463471455,0.015202186508965881,-2.8,0.0,0.0,0.0,-100.0,,0.0
74,2024-11-07 05:00:00,3.064,3.064,3.064,3.064,0.0,1730959199999,0,0,0,0,0,3.063999999999999,3.1002680756726173,-0.004853056268268041,-0.006977571661714229,0.0021245153934461875,3.064,3.064,3.064,0.0,0.0,0.0,0.0,0.0,0.0,0.0,0.0,0.0,0.0004325239235893778,0.014116316044039746,-2.8,0.0,0.0,0.0,-100.0,,0.0
75,2024-11-07 06:00:00,3.064,3.064,3.064,3.064,0.0,1730962799999,0,0,0,0,0,3.063999999999999,3.09884579819526,-0.004499807524031674,-0.006482018834177717,0.0019822113101460436,3.064,3.064,3.064,0.0,0.0,0.0,0.0,0.0,0.0,0.0,0.0,0.0,0.00040162935761870795,0.013108007755179764,-2.8,0.0,0.0,0.0,-100.0,,0.0
76,2024-11-07 07:00:00,3.064,3.064,3.064,3.064,0.0,1730966399999,0,0,0,0,0,3.063999999999999,3.09747929630525,-0.004171765829555696,-0.006019968233253313,0.0018482024036976172,3.064,3.064,3.064,0.0,0.0,0.0,0.0,0.0,0.0,0.0,0.0,0.0,0.00037294154636022877,0.012171721486952636,-2.8,0.0,0.0,0.0,-100.0,,0.0
77,2024-11-07 08:00:00,3.064,3.064,3.064,3.064,0.0,1730969999999,0,0,0,0,0,3.063999999999999,3.096166382724652,-0.003867211615028232,-0.0055894169096082965,0.0017222052945800644,3.064,3.064,3.064,0.0,0.0,0.0,0.0,0.0,0.0,0.0,0.0,0.0,0.0003463028644773553,0.011302312809313162,-2.8,0.0,0.0,0.0,-100.0,,0.0
78,2024-11-07 09:00:00,3.064,3.064,3.064,3.064,0.0,1730973599999,0,0,0,0,0,3.063999999999999,3.0949049559511366,-0.0035845299755550286,-0.005188439522797643,0.0016039095472426147,3.064,3.064,3.064,0.0,0.0,0.0,0.0,0.0,0.0,0.0,0.0,0.0,0.00032156694558611566,0.010495004751505081,-2.8,0.0,0.0,0.0,-100.0,,0.0
79,2024-11-07 10:00:00,3.064,3.064,3.064,3.064,0.0,1730977199999,0,0,0,0,0,3.063999999999999,3.0936929968942293,-0.0033222064121432027,-0.004815192900666755,0.0014929864885235523,3.064,3.064,3.064,0.0,0.0,0.0,0.0,0.0,0.0,0.0,0.0,0.0,0.00029859787804425026,0.009745361554969002,-2.8,0.0,0.0,0.0,-100.0,,0.0
80,2024-11-07 11:00:00,3.064,3.064,3.064,3.064,0.0,1730980799999,0,0,0,0,0,3.063999999999999,3.0925285656434753,-0.003078822350642607,-0.004467918790661925,0.0013890964400193181,3.064,3.064,3.064,0.0,0.0,0.0,0.0,0.0,0.0,0.0,0.0,0.0,0.0002772694581839467,0.009049264301042647,-2.8,0.0,0.0,0.0,-100.0,,0.0
81,2024-11-07 12:00:00,3.064,3.064,3.064,3.064,0.0,1730984399999,0,0,0,0,0,3.063999999999999,3.091409798363339,-0.002853050537778401,-0.00414494514008522,0.001291894602306819,3.064,3.064,3.064,0.0,0.0,0.0,0.0,0.0,0.0,0.0,0.0,0.0,0.00025746449688509335,0.0084028882795396,-2.8,0.0,0.0,0.0,-100.0,,0.0
82,2024-11-07 13:00:00,3.064,3.064,3.064,3.064,0.0,1730987999999,0,0,0,0,0,3.063999999999999,3.090334904309875,-0.002643650393366226,-0.0038446861907414213,0.0012010357973751954,3.064,3.064,3.064,0.0,0.0,0.0,0.0,0.0,0.0,0.0,0.0,0.0,0.00023907417567901526,0.0078026819738582,-2.8,0.0,0.0,0.0,-100.0,,0.0
83,2024-11-07 14:00:00,3.064,3.064,3.064,3.064,0.0,1730991599999,0,0,0,0,0,3.063999999999999,3.0893021629643895,-0.0024494633811529276,-0.0035656416288237227,0.0011161782476707951,3.064,3.064,3.064,0.0,0.0,0.0,0.0,0.0,0.0,0.0,0.0,0.0,0.00022199744884479988,0.007245347547154043,-2.8,0.0,0.0,0.0,-100.0,,0.0
84,2024-11-07 15:00:00,3.064,3.064,3.064,3.064,0.0,1730995199999,0,0,0,0,0,3.063999999999999,3.0883099212795115,-0.002269408447012733,-0.0033063949924615247,0.0010369865454487918,3.064,3.064,3.064,0.0,0.0,0.0,0.0,0.0,0.0,0.0,0.0,0.0,0.00020614048821302846,0.0067278227223573255,-2.8,0.0,0.0,0.0,-100.0,,0.0
85,2024-11-07 16:00:00,3.064,3.064,3.064,3.064,0.0,1730998799999,0,0,0,0,0,3.063999999999999,3.0873565910332563,-0.0021024775618943004,-0.00306561150634808,0.0009631339444537796,3.064,3.064,3.064,0.0,0.0,0.0,0.0,0.0,0.0,0.0,0.0,0.0,0.00019141616762638356,0.006247263956474659,-2.8,0.0,0.0,0.0,-100.0,,0.0
86,2024-11-07 17:00:00,3.064,3.064,3.064,3.064,0.0,1731002399999,0,0,0,0,0,3.063999999999999,3.0864406462868543,-0.001947731397634378,-0.0028420354846053395,0.0008943040869709615,3.064,3.064,3.064,0.0,0.0,0.0,0.0,0.0,0.0,0.0,0.0,0.0,0.00017774358422449903,0.005801030816726469,-2.8,0.0,0.0,0.0,-100.0,,0.0
87,2024-11-07 18:00:00,3.064,3.064,3.064,3.064,0.0,1731005999999,0,0,0,0,0,3.063999999999999,3.085560620942272,-0.0018042951561474396,-0.0026344874189137596,0.00083019226276632,3.064,3.064,3.064,0.0,0.0,0.0,0.0,0.0,0.0,0.0,0.0,0.0,0.00016504761392274907,0.005386671472674578,-2.8,0.0,0.0,0.0,-100.0,,0.0
88,2024-11-07 19:00:00,3.064,3.064,3.064,3.064,0.0,1731009599999,0,0,0,0,0,3.063999999999999,3.084715106395516,-0.0016713545663082918,-0.002441860848392666,0.0007705062820843743,3.064,3.064,3.064,0.0,0.0,0.0,0.0,0.0,0.0,0.0,0.0,0.0,0.0001532584986425527,0.005001909224626394,-2.8,0.0,0.0,0.0,-100.0,-0.048590855134456046,0.0
89,2024-11-07 20:00:00,3.064,3.064,3.064,3.064,0.0,1731013199999,0,0,0,0,0,3.063999999999999,3.0839027492819664,-0.0015481520578441987,-0.0022631190902829726,0.0007149670324387738,3.064,3.064,3.064,0.0,0.0,0.0,0.0,0.0,0.0,0.0,0.0,0.0,0.0001423114630252275,0.004644629994295936,-2.8,0.0,0.0,0.0,-100.0,-0.04724148546877416,0.0
90,2024-11-07 21:00:00,3.064,3.064,3.064,3.064,0.0,1731016799999,0,0,0,0,0,3.063999999999999,3.0831222493101245,-0.0014339831175051998,-0.002097291895727418,0.000663308778222218,3.064,3.064,3.064,0.0,0.0,0.0,0.0,0.0,0.0,0.0,0.0,0.0,0.00013214635852342553,0.0043128707089890835,-2.8,0.0,0.0,0.0,-100.0,-0.045891001372333484,0.0
91,2024-11-07 22:00:00,3.064,3.064,3.064,3.064,0.0,1731020399999,0,0,0,0,0,3.063999999999999,3.082372357180316,-0.0013281928295754142,-0.0019434720824970172,0.000615279252921603,3.064,3.064,3.064,0.0,0.0,0.0,0.0,0.0,0.0,0.0,0.0,0.0,0.00012270733291460943,0.004004808515489864,-2.8,0.0,0.0,0.0,-100.0,-0.04454339041300992,0.0
92,2024-11-07 23:00:00,3.064,3.064,3.064,3.064,0.0,1731023999999,0,0,0,0,0,3.063999999999999,3.0816518725850095,-0.0012301726002332813,-0.00180081218604427,0.0005706395858109886,3.064,3.064,3.064,0.0,0.0,0.0,0.0,0.0,0.0,0.0,0.0,0.0,0.00011394252342070877,0.0037187507643834453,-2.8,0.0,0.0,0.0,-100.0,-0.04320224628053815,0.0
93,2024-11-08 00:00:00,3.064,3.064,3.064,3.064,0.0,1731027599999,0,0,0,0,0,3.063999999999999,3.0809596422875583,-0.0011393570632818317,-0.0016685211614917823,0.0005291640982099505,3.064,3.064,3.064,0.0,0.0,0.0,0.0,0.0,0.0,0.0,0.0,0.0,0.000105803771747801,0.003453125709784628,-2.8,0.0,0.0,0.0,-100.0,-0.04187079556076112,0.0
94,2024-11-08 01:00:00,3.064,3.064,3.064,3.064,0.0,1731031199999,0,0,0,0,0,3.063999999999999,3.0802945582762815,-0.0010552211632397501,-0.0015458611618413757,0.0004906399986016256,3.064,3.064,3.064,0.0,0.0,0.0,0.0,0.0,0.0,0.0,0.0,0.0,9.824635948010093e-05,0.0032064738733714403,-2.8,0.0,0.0,0.0,-100.0,-0.04055192314673661,0.0
95,2024-11-08 02:00:00,3.064,3.064,3.064,3.064,0.0,1731034799999,0,0,0,0,0,3.063999999999999,3.079655555990937,-0.0009772774106342474,-0.00143214441159995,0.00045486700096570264,3.064,3.064,3.064,0.0,0.0,0.0,0.0,0.0,0.0,0.0,0.0,0.0,9.122876237437942e-05,0.00297744002527348,-2.8,0.0,0.0,0.0,-100.0,-0.03924819632800114,0.0
96,2024-11-08 03:00:00,3.064,3.064,3.064,3.064,0.0,1731038399999,0,0,0,0,0,3.063999999999999,3.0790416126187434,-0.0009050733034858816,-0.0013267301899771364,0.0004216568864912548,3.064,3.064,3.064,0.0,0.0,0.0,0.0,0.0,0.0,0.0,0.0,0.0,8.47124222047809e-05,0.002764765737753946,-2.8,0.0,0.0,0.0,-100.0,-0.037961887599402555,0.0
97,2024-11-08 04:00:00,3.064,3.064,3.064,3.064,0.0,1731041999999,0,0,0,0,0,3.063999999999999,3.078451745457224,-0.0008381889083870497,-0.001229021933659119,0.0003908330252720693,3.064,3.064,3.064,0.0,0.0,0.0,0.0,0.0,0.0,0.0,0.0,0.0,7.86615349044394e-05,0.002567282470771521,-2.8,0.0,0.0,0.0,-100.0,-0.03669499623256689,0.0
98,2024-11-08 05:00:00,3.064,3.064,3.064,3.064,0.0,1731045599999,0,0,0,0,0,3.063999999999999,3.0778850103412547,-0.0007762345941828563,-0.0011384644657638665,0.0003622298715810102,3.064,3.064,3.064,0.0,0.0,0.0,0.0,0.0,0.0,0.0,0.0,0.0,7.304285383983659e-05,0.0023839051514306982,-2.8,0.0,0.0,0.0,-100.0,-0.035449268653486854,0.0
99,2024-11-08 06:00:00,3.064,3.064,3.064,3.064,0.0,1731049199999,0,0,0,0,0,3.063999999999999,3.0773405001317937,-0.0007188489110405705,-0.0010545413548192074,0.00033569244377863695,3.064,3.064,3.064,0.0,0.0,0.0,0.0,0.0,0.0,0.0,0.0,0.0,6.782550713699112e-05,0.0022136262120427907,-2.8,0.0,0.0,0.0,-100.0,-0.03422621766968614,0.0
100,2024-11-08 07:00:00,3.064,3.064,3.064,3.064,0.0,1731052799999,0,0,0,0,0,3.063999999999999,3.07681734326388,-0.0006656966075979653,-0.000976772405374959,0.0003110757977769936,3.064,3.064,3.064,0.0,0.0,0.0,0.0,0.0,0.0,0.0,0.0,0.0,6.298082805577747e-05,0.0020555100540397345,-2.8,0.0,0.0,0.0,-100.0,-0.03302714059131295,0.0
101,2024-11-08 08:00:00,3.064,3.064,3.064,3.064,0.0,1731056399999,0,0,0,0,0,3.063999999999999,3.076314702351571,-0.0006164667788883804,-0.0009047112800776433,0.00028824450118926283,3.064,3.064,3.064,0.0,0.0,0.0,0.0,0.0,0.0,0.0,0.0,0.0,5.848219748036479e-05,0.0019086879073226108,-2.8,0.0,0.0,0.0,-100.0,-0.03185313628980557,0.0
102,2024-11-08 09:00:00,3.064,3.064,3.064,3.064,0.0,1731059999999,0,0,0,0,0,3.063999999999999,3.075831772847588,-0.0005708711378322739,-0.0008379432516285694,0.00026707211379629545,3.064,3.064,3.064,0.0,0.0,0.0,0.0,0.0,0.0,0.0,0.0,0.0,5.4304897660338735e-05,0.001772353056799567,-2.8,0.0,0.0,0.0,-100.0,-0.03070512123805047,0.0
103,2024-11-08 10:00:00,3.064,3.064,3.064,3.064,0.0,1731063599999,0,0,0,0,0,3.063999999999999,3.075367781755526,-0.0005286424032404646,-0.0007760830819509484,0.0002474406787104838,3.064,3.064,3.064,0.0,0.0,0.0,0.0,0.0,0.0,0.0,0.0,0.0,5.0425976398885964e-05,0.001645756409885312,-2.8,0.0,0.0,0.0,-100.0,-0.029583844575242768,0.0
104,2024-11-08 11:00:00,3.064,3.064,3.064,3.064,0.0,1731067199999,0,0,0,0,0,3.063999999999999,3.0749219863925643,-0.0004895327974692165,-0.0007187730250546021,0.00022924022758538556,3.064,3.064,3.064,0.0,0.0,0.0,0.0,0.0,0.0,0.0,0.0,0.0,4.682412094182268e-05,0.0015282023806077898,-2.8,0.0,0.0,0.0,-100.0,-0.028489902239370313,0.0
105,2024-11-08 12:00:00,3.064,3.064,3.064,3.064,0.0,1731070799999,0,0,0,0,0,3.063999999999999,3.074493673200699,-0.00045331264710712915,-0.0006656809494651075,0.0002123683023579784,3.064,3.064,3.064,0.0,0.0,0.0,0.0,0.0,0.0,0.0,0.0,0.0,4.347954087454964e-05,0.0014190450677072336,-2.8,0.0,0.0,0.0,-100.0,-0.027423750209476516,0.0
106,2024-11-08 13:00:00,3.064,3.064,3.064,3.064,0.0,1731074399999,0,0,0,0,0,3.063999999999999,3.074082156604593,-0.00041976908033225513,-0.0006164985756385371,0.00019672949530628197,3.064,3.064,3.064,0.0,0.0,0.0,0.0,0.0,0.0,0.0,0.0,0.0,4.037385938351038e-05,0.0013176847057281456,-2.8,0.0,0.0,0.0,-100.0,-0.026385716899113287,0.0
107,2024-11-08 14:00:00,3.064,3.064,3.064,3.064,0.0,1731077999999,0,0,0,0,0,3.063999999999999,3.073686777914217,-0.0003887048148496497,-0.0005709398234807596,0.00018223500863110993,3.064,3.064,3.064,0.0,0.0,0.0,0.0,0.0,0.0,0.0,0.0,0.0,3.7490012284688215e-05,0.0012235643696047068,-2.8,0.0,0.0,0.0,-100.0,-0.02537601474160711,0.0
108,2024-11-08 15:00:00,3.064,3.064,3.064,3.064,0.0,1731081599999,0,0,0,0,0,3.063999999999999,3.073306904270522,-0.0003599370306131,-0.0005287392649072277,0.00016880223429412773,3.064,3.064,3.064,0.0,0.0,0.0,0.0,0.0,0.0,0.0,0.0,0.0,3.4812154264353344e-05,0.0011361669146329422,-2.8,0.0,0.0,0.0,-100.0,-0.024394751006628912,0.0
109,2024-11-08 16:00:00,3.064,3.064,3.064,3.064,0.0,1731085199999,0,0,0,0,0,3.063999999999999,3.0729419276324625,-0.0003332963218167784,-0.0004896506762891379,0.0001563543544723595,3.064,3.064,3.064,0.0,0.0,0.0,0.0,0.0,0.0,0.0,0.0,0.0,3.2325571816899535e-05,0.0010550121350163034,-2.8,0.0,0.0,0.0,-100.0,-0.023441937886803377,0.0
110,2024-11-08 17:00:00,3.064,3.064,3.064,3.064,0.0,1731088799999,0,0,0,0,0,3.063999999999999,3.0725912638037385,-0.0003086257229387712,-0.0004534456856190645,0.0001448199626802933,3.064,3.064,3.064,0.0,0.0,0.0,0.0,0.0,0.0,0.0,0.0,0.0,3.001660240140671e-05,0.0009796541253722815,-2.8,0.0,0.0,0.0,-100.0,-0.02251750189191659,0.0
111,2024-11-08 18:00:00,3.064,3.064,3.064,3.064,0.0,1731092399999,0,0,0,0,0,3.063999999999999,3.0722543514977096,-0.0002857798038982118,-0.000419912509274894,0.00013413270537668222,3.064,3.064,3.064,0.0,0.0,0.0,0.0,0.0,0.0,0.0,0.0,0.0,2.7872559372734805e-05,0.0009096788307028329,-2.8,0.0,0.0,0.0,-100.0,-0.02162129258674872,0.0
112,2024-11-08 19:00:00,3.064,3.064,3.064,3.064,0.0,1731095999999,0,0,0,0,0,3.063999999999999,3.071930651438976,-0.0002646238296768466,-0.00038885477335528454,0.00012423094367843793,3.064,3.064,3.064,0.0,0.0,0.0,0.0,0.0,0.0,0.0,0.0,0.0,2.5881662274682318e-05,0.0008447017713669163,-2.8,0.0,0.0,0.0,-100.0,-0.02075309070839193,0.0
113,2024-11-08 20:00:00,3.064,3.064,3.064,3.064,0.0,1731099599999,0,0,0,0,0,3.063999999999999,3.071619645500193,-0.0002450329800196549,-0.0003600904146881586,0.00011505743466850373,3.064,3.064,3.064,0.0,0.0,0.0,0.0,0.0,0.0,0.0,0.0,0.0,2.403297211220501e-05,0.0007843659305549938,-2.8,0.0,0.0,0.0,-100.0,-0.019912615696371372,0.0
114,2024-11-08 21:00:00,3.064,3.064,3.064,3.064,0.0,1731103199999,0,0,0,0,0,3.063999999999999,3.071320835872734,-0.00022689162510314276,-0.0003334506567711555,0.00010655903166801272,3.064,3.064,3.064,0.0,0.0,0.0,0.0,0.0,0.0,0.0,0.0,0.0,2.231633124704751e-05,0.0007283397926582085,-2.8,0.0,0.0,0.0,-100.0,-0.01909953266890918,0.0
115,2024-11-08 22:00:00,3.064,3.064,3.064,3.064,0.0,1731106799999,0,0,0,0,0,3.063999999999999,3.071033744269882,-0.00021009265330107496,-0.00030877905607713937,9.868640277606441e-05,3.064,3.064,3.064,0.0,0.0,0.0,0.0,0.0,0.0,0.0,0.0,0.0,2.0722307586544114e-05,0.0006763155217540507,-2.8,0.0,0.0,0.0,-100.0,-0.018313458876706434,0.0
116,2024-11-08 23:00:00,3.064,3.064,3.064,3.064,0.0,1731110399999,0,0,0,0,0,3.063999999999999,3.0707579111612593,-0.00019453684743586663,-0.0002859306143488848,9.139376691301817e-05,3.064,3.064,3.064,0.0,0.0,0.0,0.0,0.0,0.0,0.0,0.0,0.0,1.924214275893382e-05,0.00062800727020019,-2.8,0.0,0.0,0.0,-100.0,-0.01755396966450773,0.0
117,2024-11-09 00:00:00,3.064,3.064,3.064,3.064,0.0,1731113999999,0,0,0,0,0,3.063999999999999,3.0704928950372885,-0.00018013230611746422,-0.0002647709527026007,8.463864658513645e-05,3.064,3.064,3.064,0.0,0.0,0.0,0.0,0.0,0.0,0.0,0.0,0.0,1.786770399043855e-05,0.0005831496080430336,-2.8,0.0,0.0,0.0,-100.0,-0.01682060396959173,0.0
118,2024-11-09 01:00:00,3.064,3.064,3.064,3.064,0.0,1731117599999,0,0,0,0,0,3.063999999999999,3.0702382717024927,-0.0001667939070086888,-0.0002451755435638183,7.83816365551295e-05,3.064,3.064,3.064,0.0,0.0,0.0,0.0,0.0,0.0,0.0,0.0,0.0,1.6591439419692938e-05,0.0005414960646113883,-2.8,0.0,0.0,0.0,-100.0,-0.01611286938527634,0.0
119,2024-11-09 02:00:00,3.064,3.064,3.064,3.064,0.0,1731121199999,0,0,0,0,0,3.063999999999999,3.069993633596513,-0.00015444280905185792,-0.0002270289966614262,7.258618760956829e-05,3.064,3.064,3.064,0.0,0.0,0.0,0.0,0.0,0.0,0.0,0.0,0.0,1.5406336604000587e-05,0.0005028177742820036,-2.8,0.0,0.0,0.0,-100.0,-0.015430246815661963,0.0
120,2024-11-09 03:00:00,3.064,3.064,3.064,3.064,0.0,1731124799999,0,0,0,0,0,3.063999999999999,3.0697585891417476,-0.0001430059908913428,-0.00021022439550740952,6.721840461606672e-05,3.064,3.064,3.064,0.0,0.0,0.0,0.0,0.0,0.0,0.0,0.0,0.0,1.4305883989429118e-05,0.0004669022189761461,-2.8,0.0,0.0,0.0,-100.0,-0.01477219474749214,0.0
121,2024-11-09 04:00:00,3.064,3.064,3.064,3.064,0.0,1731128399999,0,0,0,0,0,3.063999999999999,3.069532762116581,-0.0001324158229207839,-0.0001946626809900844,6.22468580693005e-05,3.064,3.064,3.064,0.0,0.0,0.0,0.0,0.0,0.0,0.0,0.0,0.0,1.3284035133041323e-05,0.00043355206047784997,-2.8,0.0,0.0,0.0,-100.0,-0.014138153163045786,0.0
122,2024-11-09 05:00:00,3.064,3.064,3.064,3.064,0.0,1731131999999,0,0,0,0,0,3.063999999999999,3.0693157910531856,-0.0001226096705457813,-0.0001802520789012238,5.764240835544248e-05,3.064,3.064,3.064,0.0,0.0,0.0,0.0,0.0,0.0,0.0,0.0,0.0,1.2335175480681228e-05,0.00040258405615800353,-2.8,0.0,0.0,0.0,-100.0,-0.013527547117386796,0.0
123,2024-11-09 06:00:00,3.064,3.064,3.064,3.064,0.0,1731135599999,0,0,0,0,0,3.063999999999999,3.069107328658943,-0.00011352952642829095,-0.00016690756840663723,5.3378041978346285e-05,3.064,3.064,3.064,0.0,0.0,0.0,0.0,0.0,0.0,0.0,0.0,0.0,1.1454091517775426e-05,0.0003738280521467176,-2.8,0.0,0.0,0.0,-100.0,-0.012939790001853524,0.0
124,2024-11-09 07:00:00,3.064,3.064,3.064,3.064,0.0,1731139199999,0,0,0,0,0,3.063999999999999,3.068907041260553,-0.00010512166962461933,-0.00015455038865023365,4.942871902561432e-05,3.064,3.064,3.064,0.0,0.0,0.0,0.0,0.0,0.0,0.0,0.0,0.0,1.063594212364861e-05,0.00034712604842195206,-2.8,0.0,0.0,0.0,-100.0,-0.012374286514693633,0.0
125,2024-11-09 08:00:00,3.064,3.064,3.064,3.064,0.0,1731142799999,0,0,0,0,0,3.063999999999999,3.0687146082699432,-9.73363496830082e-05,-0.00014310758085678857,4.5771231173780374e-05,3.064,3.064,3.064,0.0,0.0,0.0,0.0,0.0,0.0,0.0,0.0,0.0,9.876231971959423e-06,0.00032233133067752684,-2.8,0.0,0.0,0.0,-100.0,-0.01183043535853967,0.0
126,2024-11-09 09:00:00,3.064,3.064,3.064,3.064,0.0,1731146399999,0,0,0,0,0,3.063999999999999,3.068529721671122,-9.012749389203378e-05,-0.0001325115634638376,4.238406957180382e-05,3.064,3.064,3.064,0.0,0.0,0.0,0.0,0.0,0.0,0.0,0.0,0.0,9.170786831105177e-06,0.0002993076642005606,-2.8,0.0,0.0,0.0,-100.0,-0.011307631683576957,0.0
127,2024-11-09 10:00:00,3.064,3.064,3.064,3.064,0.0,1731149999999,0,0,0,0,0,3.063999999999999,3.0683520855271564,-8.345243600560437e-05,-0.00012269973797219096,3.9247301966586595e-05,3.064,3.064,3.064,0.0,0.0,0.0,0.0,0.0,0.0,0.0,0.0,0.0,8.51573062888338e-06,0.00027792854532909204,-2.8,0.0,0.0,0.0,-100.0,-0.010805269294078546,0.0
128,2024-11-09 11:00:00,3.064,3.064,3.064,3.064,0.0,1731153599999,0,0,0,0,0,3.063999999999999,3.0681814155064835,-7.727166488669113e-05,-0.000113614123355091,3.634245846839987e-05,3.064,3.064,3.064,0.0,0.0,0.0,0.0,0.0,0.0,0.0,0.0,0.0,7.90746415539171e-06,0.000258076506377014,-2.8,0.0,0.0,0.0,-100.0,-0.010322742635171522,0.0
129,2024-11-09 12:00:00,3.064,3.064,3.064,3.064,0.0,1731157199999,0,0,0,0,0,3.063999999999999,3.068017438427798,-7.15485916180647e-05,-0.00010520101700768573,3.3652425389621025e-05,3.064,3.064,3.064,0.0,0.0,0.0,0.0,0.0,0.0,0.0,0.0,0.0,7.342645287149444e-06,0.00023964247020722727,-2.8,0.0,0.0,0.0,-100.0,-0.0098594485754111,0.0
130,2024-11-09 13:00:00,3.064,3.064,3.064,3.064,0.0,1731160799999,0,0,0,0,0,3.063999999999999,3.067859891822786,-6.624933373977626e-05,-9.741068035410384e-05,3.116134661432758e-05,3.064,3.064,3.064,0.0,0.0,0.0,0.0,0.0,0.0,0.0,0.0,0.0,6.818170623781627e-06,0.00022252515090671107,-2.8,0.0,0.0,0.0,-100.0,-0.009414788000550178,0.0
131,2024-11-09 14:00:00,3.064,3.064,3.064,3.064,0.0,1731164399999,0,0,0,0,0,3.063999999999999,3.06770852351601,-6.134251535927504e-05,-9.019704735513808e-05,2.8854531995863044e-05,3.064,3.064,3.064,0.0,0.0,0.0,0.0,0.0,0.0,0.0,0.0,0.0,6.331158436368654e-06,0.00020663049727051743,-2.8,0.0,0.0,0.0,-100.0,-0.00898816723188256,0.0
132,2024-11-09 15:00:00,3.064,3.064,3.064,3.064,0.0,1731167999999,0,0,0,0,0,3.063999999999999,3.0675630912212646,-5.679908197997463e-05,-8.351745428010539e-05,2.6718372300130758e-05,3.064,3.064,3.064,0.0,0.0,0.0,0.0,0.0,0.0,0.0,0.0,0.0,5.878932833770894e-06,0.00019187117603690907,-2.8,0.0,0.0,0.0,-100.0,-0.008578999283226363,0.0
133,2024-11-09 16:00:00,3.064,3.064,3.064,3.064,0.0,1731171599999,0,0,0,0,0,3.063999999999999,3.067423362153764,-5.2592128968242946e-05,-7.73323892177329e-05,2.474026024948995e-05,3.064,3.064,3.064,0.0,0.0,0.0,0.0,0.0,0.0,0.0,0.0,0.0,5.4590090599301155e-06,0.0001781660920342727,-2.8,0.0,0.0,0.0,-100.0,-0.008186704968116132,0.0
134,2024-11-09 17:00:00,3.064,3.064,3.064,3.064,0.0,1731175199999,0,0,0,0,0,3.063999999999999,3.067289112657538,-4.86967426600593e-05,-7.160525990619818e-05,2.2908517246138883e-05,3.064,3.064,3.064,0.0,0.0,0.0,0.0,0.0,0.0,0.0,0.0,0.0,5.069079841363679e-06,0.00016543994260325324,-2.8,0.0,0.0,0.0,-100.0,-0.007810713869638164,0.0
135,2024-11-09 18:00:00,3.064,3.064,3.064,3.064,0.0,1731178799999,0,0,0,0,0,3.063999999999999,3.0671601278474387,-4.508985318585346e-05,-6.630217856212924e-05,2.121232537627578e-05,3.064,3.064,3.064,0.0,0.0,0.0,0.0,0.0,0.0,0.0,0.0,0.0,4.707002709837702e-06,0.00015362280384587798,-2.8,0.0,0.0,0.0,-100.0,-0.007450465183234112,0.0
136,2024-11-09 19:00:00,3.064,3.064,3.064,3.064,0.0,1731182399999,0,0,0,0,0,3.063999999999999,3.067036201265186,-4.175009814888497e-05,-6.139176247948039e-05,1.9641664330595415e-05,3.064,3.064,3.064,0.0,0.0,0.0,0.0,0.0,0.0,0.0,0.0,0.0,4.37078823056358e-06,0.00014264974642831527,-2.8,0.0,0.0,0.0,-100.0,-0.007105408443275341,0.0
137,2024-11-09 20:00:00,3.064,3.064,3.064,3.064,0.0,1731185999999,0,0,0,0,0,3.063999999999999,3.0669171345489046,-3.86576963600227e-05,-5.684494925558885e-05,1.818725289556615e-05,3.064,3.064,3.064,0.0,0.0,0.0,0.0,0.0,0.0,0.0,0.0,0.0,4.05858907123761e-06,0.00013246047882629276,-2.8,0.0,0.0,0.0,-100.0,-0.00677500414248966,0.0
138,2024-11-09 21:00:00,3.064,3.064,3.064,3.064,0.0,1731189599999,0,0,0,0,0,3.063999999999999,3.0668027371156144,-3.5794330897509496e-05,-5.2634825583972975e-05,1.684049468646348e-05,3.064,3.064,3.064,0.0,0.0,0.0,0.0,0.0,0.0,0.0,0.0,0.0,3.7686898518634948e-06,0.0001229990160529861,-2.8,0.0,0.0,0.0,-100.0,-0.0064587242536440215,0.0
139,2024-11-09 22:00:00,3.064,3.064,3.064,3.064,0.0,1731193199999,0,0,0,0,0,3.063999999999999,3.0666928258561783,-3.314304079538033e-05,-4.873646862625445e-05,1.559342783087412e-05,3.064,3.064,3.064,0.0,0.0,0.0,0.0,0.0,0.0,0.0,0.0,0.0,3.499497719587531e-06,0.00011421337204920138,-2.8,0.0,0.0,0.0,-100.0,-0.00615605266169883,0.0
140,2024-11-09 23:00:00,3.064,3.064,3.064,3.064,0.0,1731196799999,0,0,0,0,0,3.063999999999999,3.0665872248422104,-3.0688120734811974e-05,-4.512679904796595e-05,1.4438678313153977e-05,3.064,3.064,3.064,0.0,0.0,0.0,0.0,0.0,0.0,0.0,0.0,0.0,3.2495335967598503e-06,0.00010605527404568702,-2.8,0.0,0.0,0.0,-100.0,-0.005866485514127717,0.0
141,2024-11-10 00:00:00,3.064,3.064,3.064,3.064,0.0,1731200399999,0,0,0,0,0,3.063999999999999,3.066485765044477,-2.841502814332486e-05,-4.178444486703773e-05,1.336941672371287e-05,3.064,3.064,3.064,0.0,0.0,0.0,0.0,0.0,0.0,0.0,0.0,0.0,3.017424054134147e-06,9.847989732813796e-05,-2.8,0.0,0.0,0.0,-100.0,-0.005589531496930089,0.0
142,2024-11-10 01:00:00,3.064,3.064,3.064,3.064,0.0,1731203999999,0,0,0,0,0,3.063999999999999,3.0663882840623407,-2.631029716004818e-05,-3.868961532563982e-05,1.2379318165591642e-05,3.064,3.064,3.064,0.0,0.0,0.0,0.0,0.0,0.0,0.0,0.0,0.0,2.8018937645531367e-06,9.144561894755668e-05,-2.8,0.0,0.0,0.0,-100.0,-0.0053247120430088835,0.0
143,2024-11-10 02:00:00,3.064,3.064,3.064,3.064,0.0,1731207599999,0,0,0,0,0,3.063999999999999,3.0662946258638173,-2.436145895767794e-05,-3.582398405204745e-05,1.1462525094369509e-05,3.064,3.064,3.064,0.0,0.0,0.0,0.0,0.0,0.0,0.0,0.0,0.0,2.601758495656484e-06,8.49137890227312e-05,-2.8,0.0,0.0,0.0,-100.0,-0.005071561479175202,0.0
144,2024-11-10 03:00:00,3.064,3.064,3.064,3.064,0.0,1731211199999,0,0,0,0,0,3.063999999999999,3.0662046405358243,-2.2556967956166574e-05,-3.317058083287127e-05,1.0613612876704697e-05,3.064,3.064,3.064,0.0,0.0,0.0,0.0,0.0,0.0,0.0,0.0,0.0,2.4159186031095928e-06,7.884851837825041e-05,-2.8,0.0,0.0,0.0,-100.0,-0.004829627117786117,0.0
145,2024-11-10 04:00:00,3.064,3.064,3.064,3.064,0.0,1731214799999,0,0,0,0,0,3.063999999999999,3.0661181840442233,-2.088613349071622e-05,-3.071369136444026e-05,9.827557873724043e-06,3.064,3.064,3.064,0.0,0.0,0.0,0.0,0.0,0.0,0.0,0.0,0.0,2.2433529886017645e-06,7.321648135123253e-05,-2.8,0.0,0.0,0.0,-100.0,-0.0045984692983336295,0.0
146,2024-11-10 05:00:00,3.064,3.064,3.064,3.064,0.0,1731218399999,0,0,0,0,0,3.063999999999999,3.066035118003273,-1.9339056533951293e-05,-2.843876439834247e-05,9.099707864391176e-06,3.064,3.064,3.064,0.0,0.0,0.0,0.0,0.0,0.0,0.0,0.0,0.0,2.0831134894159242e-06,6.798673268328734e-05,-2.8,0.0,0.0,0.0,-100.0,-0.004377661384002973,0.0
147,2024-11-10 06:00:00,3.064,3.064,3.064,3.064,0.0,1731221999999,0,0,0,0,0,3.063999999999999,3.065955309454125,-1.7906571094350454e-05,-2.6332325737544066e-05,8.425754643193612e-06,3.064,3.064,3.064,0.0,0.0,0.0,0.0,0.0,0.0,0.0,0.0,0.0,1.9343196687433583e-06,6.313053749162396e-05,-2.8,0.0,0.0,0.0,-100.0,-0.004166789718140773,0.0
148,2024-11-10 07:00:00,3.064,3.064,3.064,3.064,0.0,1731225599999,0,0,0,0,0,3.063999999999999,3.0658786306520027,-1.6580189954318314e-05,-2.4381898580898914e-05,7.8017086265806e-06,3.064,3.064,3.064,0.0,0.0,0.0,0.0,0.0,0.0,0.0,0.0,0.0,1.7961539781188326e-06,5.8621213385079395e-05,-2.8,0.0,0.0,0.0,-100.0,-0.003965453544574338,0.0
149,2024-11-10 08:00:00,3.064,3.064,3.064,3.064,0.0,1731229199999,0,0,0,0,0,3.063999999999999,3.065804958861728,-1.5352054417494543e-05,-2.257592974821804e-05,7.223875330723498e-06,3.064,3.064,3.064,0.0,0.0,0.0,0.0,0.0,0.0,0.0,0.0,0.0,1.6678572653960587e-06,5.443398385757372e-05,-2.8,0.0,0.0,0.0,-100.0,-0.0037732648960120407,0.0
150,2024-11-10 09:00:00,3.064,3.064,3.064,3.064,0.0,1731232799999,0,0,0,0,0,3.063999999999999,3.065734176161268,-1.4214887778418728e-05,-2.090372135425818e-05,6.688833575839452e-06,3.064,3.064,3.064,0.0,0.0,0.0,0.0,0.0,0.0,0.0,0.0,0.0,1.5487246035820544e-06,5.0545842153461304e-05,-2.8,0.0,0.0,0.0,-100.0,-0.0035898484541885267,0.0
151,2024-11-10 10:00:00,3.064,3.064,3.064,3.064,0.0,1731236399999,0,0,0,0,0,3.063999999999999,3.065666169252983,-1.3161952232110252e-05,-1.9355367529828593e-05,6.1934152977183405e-06,3.064,3.064,3.064,0.0,0.0,0.0,0.0,0.0,0.0,0.0,0.0,0.0,1.4381014176119076e-06,4.69354248567855e-05,-2.8,0.0,0.0,0.0,-100.0,-0.0034148413850632053,0.0
152,2024-11-10 11:00:00,3.064,3.064,3.064,3.064,0.0,1731239999999,0,0,0,0,0,3.063999999999999,3.065600829282278,-1.2187008972208702e-05,-1.7921695818304613e-05,5.7346868460959115e-06,3.064,3.064,3.064,0.0,0.0,0.0,0.0,0.0,0.0,0.0,0.0,0.0,1.3353798877824856e-06,4.3582894509872244e-05,-2.8,0.0,0.0,0.0,-100.0,-0.003247893152202863,0.0
153,2024-11-10 12:00:00,3.064,3.064,3.064,3.064,0.0,1731243599999,0,0,0,0,0,3.063999999999999,3.065538051663365,-1.128428124497205e-05,-1.65942129036381e-05,5.30993165866605e-06,3.064,3.064,3.064,0.0,0.0,0.0,0.0,0.0,0.0,0.0,0.0,0.0,1.2399956100837366e-06,4.046983061630994e-05,-2.8,0.0,0.0,0.0,-100.0,-0.003088665311390404,0.0
154,2024-11-10 13:00:00,3.064,3.064,3.064,3.064,0.0,1731247199999,0,0,0,0,0,3.063999999999999,3.0654777359118603,-1.0448420133535308e-05,-1.5365054349617542e-05,4.916634216082234e-06,3.064,3.064,3.064,0.0,0.0,0.0,0.0,0.0,0.0,0.0,0.0,0.0,1.1514244950777554e-06,3.757912842943066e-05,-2.8,0.0,0.0,0.0,-100.0,-0.0029368312887578796,0.0
155,2024-11-10 14:00:00,3.064,3.064,3.064,3.064,0.0,1731250799999,0,0,0,0,0,3.063999999999999,3.0654197854839444,-9.674472879694918e-06,-1.4226938055633017e-05,4.5524651759381e-06,3.064,3.064,3.064,0.0,0.0,0.0,0.0,0.0,0.0,0.0,0.0,0.0,1.0691798882864873e-06,3.4894904970185617e-05,-2.8,0.0,0.0,0.0,-100.0,-0.002792076145130551,0.0
156,2024-11-10 15:00:00,3.064,3.064,3.064,3.064,0.0,1731254399999,0,0,0,0,0,3.063999999999999,3.065364107621829,-8.957853545599193e-06,-1.3173121153626252e-05,4.21526760802706e-06,3.064,3.064,3.064,0.0,0.0,0.0,0.0,0.0,0.0,0.0,0.0,0.0,9.92809896266024e-07,3.240241175802951e-05,-2.8,0.0,0.0,0.0,-100.0,-0.0026540963287025043,0.0
157,2024-11-10 16:00:00,3.064,3.064,3.064,3.064,0.0,1731257999999,0,0,0,0,0,3.063999999999999,3.0653106132052867,-8.29431584969953e-06,-1.2197360092840908e-05,3.9030442431413785e-06,3.064,3.064,3.064,0.0,0.0,0.0,0.0,0.0,0.0,0.0,0.0,0.0,9.218949036755937e-07,3.0087953775313115e-05,-2.8,0.0,0.0,0.0,-100.0,-0.0025225994180533284,0.0
158,2024-11-10 17:00:00,3.064,3.064,3.064,3.064,0.0,1731261599999,0,0,0,0,0,3.063999999999999,3.065259216609001,-7.679928015758009e-06,-1.1293873677424328e-05,3.61394566166632e-06,3.064,3.064,3.064,0.0,0.0,0.0,0.0,0.0,0.0,0.0,0.0,0.0,8.560452676987657e-07,2.7938814219933608e-05,-2.8,0.0,0.0,0.0,-100.0,-0.002397303857193389,0.0
159,2024-11-10 18:00:00,3.064,3.064,3.064,3.064,0.0,1731265199999,0,0,0,0,0,3.063999999999999,3.065209835565511,-7.111049479036069e-06,-1.0457308837746677e-05,3.346259358710608e-06,3.064,3.064,3.064,0.0,0.0,0.0,0.0,0.0,0.0,0.0,0.0,0.0,7.948991771488538e-07,2.594318463279549e-05,-2.8,0.0,0.0,0.0,-100.0,-0.002277938684636105,0.0
160,2024-11-10 19:00:00,3.064,3.064,3.064,3.064,0.0,1731268799999,0,0,0,0,0,3.063999999999999,3.06516239103353,-6.58430932087839e-06,-9.68270893437302e-06,3.09839961349463e-06,3.064,3.064,3.064,0.0,0.0,0.0,0.0,0.0,0.0,0.0,0.0,0.0,7.381206644953643e-07,2.409010001616724e-05,-2.8,0.0,0.0,0.0,-100.0,-0.002164243257585241,0.0
161,2024-11-10 20:00:00,3.064,3.064,3.064,3.064,0.0,1731272399999,0,0,0,0,0,3.063999999999999,3.0651168070714307,-6.096586298909301e-06,-8.965484407280275e-06,2.8688981083709743e-06,3.064,3.064,3.064,0.0,0.0,0.0,0.0,0.0,0.0,0.0,0.0,0.0,6.853977598885526e-07,2.236937858644101e-05,-2.8,0.0,0.0,0.0,-100.0,-0.00205596697306909,0.0
162,2024-11-10 21:00:00,3.064,3.064,3.064,3.064,0.0,1731275999999,0,0,0,0,0,3.063999999999999,3.0650730107156883,-5.644990355158086e-06,-8.301385596855838e-06,2.6563952416977515e-06,3.064,3.064,3.064,0.0,0.0,0.0,0.0,0.0,0.0,0.0,0.0,0.0,6.364407770393703e-07,2.0771565830266652e-05,-2.8,0.0,0.0,0.0,-100.0,-0.001952868986709877,0.0
163,2024-11-10 22:00:00,3.064,3.064,3.064,3.064,0.0,1731279599999,0,0,0,0,0,3.063999999999999,3.0650309318640927,-5.226845495087673e-06,-7.686477576502205e-06,2.459632081414532e-06,3.064,3.064,3.064,0.0,0.0,0.0,0.0,0.0,0.0,0.0,0.0,0.0,5.909807215365581e-07,1.9287882556676178e-05,-2.8,0.0,0.0,0.0,-100.0,-0.0018547179307715211,0.0
164,2024-11-10 23:00:00,3.064,3.064,3.064,3.064,0.0,1731283199999,0,0,0,0,0,3.063999999999999,3.06499050316354,-4.839673932277577e-06,-7.11711684765728e-06,2.2774429153797023e-06,3.064,3.064,3.064,0.0,0.0,0.0,0.0,0.0,0.0,0.0,0.0,0.0,5.487678128553754e-07,1.791017665977074e-05,-2.8,0.0,0.0,0.0,-100.0,-0.001761291632174089,0.0
165,2024-11-11 00:00:00,3.064,3.064,3.064,3.064,0.0,1731286799999,0,0,0,0,0,3.063999999999999,3.0649516599022246,-4.4811814094991576e-06,-6.5899297600256555e-06,2.108748350526498e-06,3.064,3.064,3.064,0.0,0.0,0.0,0.0,0.0,0.0,0.0,0.0,0.0,5.095701119371343e-07,1.663087832692997e-05,-2.8,0.0,0.0,0.0,-100.0,-0.0016723768314186316,0.0
166,2024-11-11 01:00:00,3.064,3.064,3.064,3.064,0.0,1731290399999,0,0,0,0,0,3.063999999999999,3.0649143399060588,-4.149243604700814e-06,-6.101792528960688e-06,1.9525489242598735e-06,3.064,3.064,3.064,0.0,0.0,0.0,0.0,0.0,0.0,0.0,0.0,0.0,4.731722467987676e-07,1.5442958446434976e-05,-2.8,0.0,0.0,0.0,-100.0,-0.0015877689031884579,0.0
167,2024-11-11 02:00:00,3.064,3.064,3.064,3.064,0.0,1731293999999,0,0,0,0,0,3.063999999999999,3.0648784834391547,-3.84189354596387e-06,-5.6498127323613245e-06,1.8079191863974541e-06,3.064,3.064,3.064,0.0,0.0,0.0,0.0,0.0,0.0,0.0,0.0,0.0,4.393742291702842e-07,1.4339889985975332e-05,-2.8,0.0,0.0,0.0,-100.0,-0.0015072715795039215,0.0
168,2024-11-11 03:00:00,3.064,3.064,3.064,3.064,0.0,1731297599999,0,0,0,0,0,3.063999999999999,3.0648440331082076,-3.557309955493082e-06,-5.231312176987676e-06,1.6740022214945943e-06,3.064,3.064,3.064,0.0,0.0,0.0,0.0,0.0,0.0,0.0,0.0,0.0,4.0799035565812105e-07,1.3315612129834238e-05,-2.8,0.0,0.0,0.0,-100.0,-0.0014306966758859119,0.0
169,2024-11-11 04:00:00,3.064,3.064,3.064,3.064,0.0,1731301199999,0,0,0,0,0,3.063999999999999,3.064810933770631,-3.2938064591370164e-06,-4.843811033417545e-06,1.5500045742805283e-06,3.064,3.064,3.064,0.0,0.0,0.0,0.0,0.0,0.0,0.0,0.0,0.0,3.7884818739682665e-07,1.236449697770322e-05,-2.8,0.0,0.0,0.0,-100.0,-0.0013578638209832405,0.0
170,2024-11-11 05:00:00,3.064,3.064,3.064,3.064,0.0,1731304799999,0,0,0,0,0,3.063999999999999,3.0647791324462927,-3.0498215948249197e-06,-4.48501314569902e-06,1.4351915508741002e-06,3.064,3.064,3.064,0.0,0.0,0.0,0.0,0.0,0.0,0.0,0.0,0.0,3.517876025827676e-07,1.148131862215299e-05,-2.8,0.0,0.0,0.0,-100.0,-0.0012886001905076938,0.0
171,2024-11-11 06:00:00,3.064,3.064,3.064,3.064,0.0,1731308399999,0,0,0,0,0,3.063999999999999,3.0647485782327126,-2.823909560412119e-06,-4.15279242864164e-06,1.3288828682295207e-06,3.064,3.064,3.064,0.0,0.0,0.0,0.0,0.0,0.0,0.0,0.0,0.0,3.266599166839985e-07,1.0661224434856347e-05,-2.8,0.0,0.0,0.0,-100.0,-0.0012227402454656477,0.0
172,2024-11-11 07:00:00,3.064,3.064,3.064,3.064,0.0,1731311999999,0,0,0,0,0,3.063999999999999,3.064719222223587,-2.614731646755075e-06,-3.8451802722643264e-06,1.2304486255092512e-06,3.064,3.064,3.064,0.0,0.0,0.0,0.0,0.0,0.0,0.0,0.0,0.0,3.033270654922843e-07,9.89970840379518e-06,-2.8,0.0,0.0,0.0,-100.0,-0.0011601254753634826,0.0
173,2024-11-11 08:00:00,3.064,3.064,3.064,3.064,0.0,1731315599999,0,0,0,0,0,3.063999999999999,3.064691017430505,-2.4210483049458276e-06,-3.5603538788006266e-06,1.139305573854799e-06,3.064,3.064,3.064,0.0,0.0,0.0,0.0,0.0,0.0,0.0,0.0,0.0,2.816608465285497e-07,9.192586374952667e-06,-2.8,0.0,0.0,0.0,-100.0,-0.0011006041465200234,0.0
174,2024-11-11 09:00:00,3.064,3.064,3.064,3.064,0.0,1731319199999,0,0,0,0,0,3.063999999999999,3.06466391870774,-2.2417118032969086e-06,-3.296625463699883e-06,1.0549136604029745e-06,3.064,3.064,3.064,0.0,0.0,0.0,0.0,0.0,0.0,0.0,0.0,0.0,2.615422146336533e-07,8.535973062456048e-06,-2.8,0.0,0.0,0.0,-100.0,-0.0010440310556858456,0.0
175,2024-11-11 10:00:00,3.064,3.064,3.064,3.064,0.0,1731322799999,0,0,0,0,0,3.063999999999999,3.0646378826799854,-2.07565942345056e-06,-3.0524322556500186e-06,9.767728321994587e-07,3.064,3.064,3.064,0.0,0.0,0.0,0.0,0.0,0.0,0.0,0.0,0.0,2.4286062787410665e-07,7.926260700852045e-06,-2.8,0.0,0.0,0.0,-100.0,-0.0009902672894912534,0.0
176,2024-11-11 11:00:00,3.064,3.064,3.064,3.064,0.0,1731326399999,0,0,0,0,0,3.063999999999999,3.064612867672927,-1.9219071667464505e-06,-2.826327237869305e-06,9.044200711228543e-07,3.064,3.064,3.064,0.0,0.0,0.0,0.0,0.0,0.0,0.0,0.0,0.0,2.2551344016881332e-07,7.360099222219756e-06,-2.8,0.0,0.0,0.0,-100.0,-0.0009391799894675756,0.0
177,2024-11-11 12:00:00,3.064,3.064,3.064,3.064,0.0,1731329999999,0,0,0,0,0,3.063999999999999,3.0645888336465377,-1.7795439211099051e-06,-2.6169705745174248e-06,8.374266534075197e-07,3.064,3.064,3.064,0.0,0.0,0.0,0.0,0.0,0.0,0.0,0.0,0.0,2.0940533729961235e-07,6.8343778492040585e-06,-2.8,0.0,0.0,0.0,-100.0,-0.0008906421230636674,0.0
178,2024-11-11 13:00:00,3.064,3.064,3.064,3.064,0.0,1731333599999,0,0,0,0,0,3.063999999999999,3.0645657421309873,-1.6477260627034696e-06,-2.423121672154634e-06,7.753956094511643e-07,3.064,3.064,3.064,0.0,0.0,0.0,0.0,0.0,0.0,0.0,0.0,0.0,1.944478132067829e-07,6.346208002832341e-06,-2.8,0.0,0.0,0.0,-100.0,-0.0008445322607464334,0.0
179,2024-11-11 14:00:00,3.064,3.064,3.064,3.064,0.0,1731337199999,0,0,0,0,0,3.063999999999999,3.0645435561650665,-1.5256724581469427e-06,-2.2436318293530956e-06,7.179593712061528e-07,3.064,3.064,3.064,0.0,0.0,0.0,0.0,0.0,0.0,0.0,0.0,0.0,1.805586836920127e-07,5.892907431201459e-06,-2.8,0.0,0.0,0.0,-100.0,-0.0008007343590410443,0.0
180,2024-11-11 15:00:00,3.064,3.064,3.064,3.064,0.0,1731340799999,0,0,0,0,0,3.063999999999999,3.0645222402370247,-1.4126598339991858e-06,-2.077437430282314e-06,6.64777596283128e-07,3.064,3.064,3.064,0.0,0.0,0.0,0.0,0.0,0.0,0.0,0.0,0.0,1.6766163485686894e-07,5.471985471829926e-06,-2.8,0.0,0.0,0.0,-100.0,-0.0007591375497884023,0.0
181,2024-11-11 16:00:00,3.064,3.064,3.064,3.064,0.0,1731344399999,0,0,0,0,0,3.063999999999999,3.0645017602277296,-1.3080184917413362e-06,-1.9235536425741184e-06,6.155351508327821e-07,3.064,3.064,3.064,0.0,0.0,0.0,0.0,0.0,0.0,0.0,0.0,0.0,1.5568580379566403e-07,5.081129366699218e-06,-2.8,0.0,0.0,0.0,-100.0,-0.0007196359355643445,0.0
182,2024-11-11 17:00:00,3.064,3.064,3.064,3.064,0.0,1731347999999,0,0,0,0,0,3.063999999999999,3.064482083356054,-1.2111283411719853e-06,-1.7810685822936917e-06,5.699402411217064e-07,3.064,3.064,3.064,0.0,0.0,0.0,0.0,0.0,0.0,0.0,0.0,0.0,1.445653892388309e-07,4.718191554792131e-06,-2.8,0.0,0.0,0.0,-100.0,-0.000682128391138459,0.0
183,2024-11-11 18:00:00,3.064,3.064,3.064,3.064,0.0,1731351599999,0,0,0,0,0,3.063999999999999,3.0644631781264047,-1.1214152220162532e-06,-1.649137910238204e-06,5.277226882219508e-07,3.064,3.064,3.064,0.0,0.0,0.0,0.0,0.0,0.0,0.0,0.0,0.0,1.3423929000748585e-07,4.381177872306979e-06,-2.8,0.0,0.0,0.0,-100.0,-0.0006465183711390488,0.0
184,2024-11-11 19:00:00,3.064,3.064,3.064,3.064,0.0,1731355199999,0,0,0,0,0,3.063999999999999,3.06444501427831,-1.0383475048669766e-06,-1.5269798291639584e-06,4.886323242969818e-07,3.064,3.064,3.064,0.0,0.0,0.0,0.0,0.0,0.0,0.0,0.0,0.0,1.2465076929266543e-07,4.068236595713623e-06,-2.8,0.0,0.0,0.0,-100.0,-0.000612713723835423,0.0
185,2024-11-11 20:00:00,3.064,3.064,3.064,3.064,0.0,1731358799999,0,0,0,0,0,3.063999999999999,3.0644275627379844,-9.614329399276755e-07,-1.4138704513167018e-06,4.5243751138902626e-07,3.064,3.064,3.064,0.0,0.0,0.0,0.0,0.0,0.0,0.0,0.0,0.0,1.157471429146179e-07,3.777648267448365e-06,-2.8,0.0,0.0,0.0,-100.0,-0.0005806265107488606,0.0
186,2024-11-11 21:00:00,3.064,3.064,3.064,3.064,0.0,1731362399999,0,0,0,0,0,3.063999999999999,3.064410795571789,-8.902157406787126e-07,-1.3091395091891039e-06,4.189237685103913e-07,3.064,3.064,3.064,0.0,0.0,0.0,0.0,0.0,0.0,0.0,0.0,0.0,1.0747948984928805e-07,3.50781624834491e-06,-2.8,0.0,0.0,0.0,-100.0,-0.0005501728324031063,0.0
187,2024-11-11 22:00:00,3.064,3.064,3.064,3.064,0.0,1731365999999,0,0,0,0,0,3.063999999999999,3.0643946859415228,-8.242738807062722e-07,-1.2121663834925375e-06,3.8789250278626536e-07,3.064,3.064,3.064,0.0,0.0,0.0,0.0,0.0,0.0,0.0,0.0,0.0,9.980238343148177e-08,3.2572579448917025e-06,-2.8,0.0,0.0,0.0,-100.0,-0.0005212726599257422,0.0
188,2024-11-11 23:00:00,3.064,3.064,3.064,3.064,0.0,1731369599999,0,0,0,0,0,3.063999999999999,3.064379208061463,-7.632165957005554e-07,-1.1223764259341412e-06,3.591598302335857e-07,3.064,3.064,3.064,0.0,0.0,0.0,0.0,0.0,0.0,0.0,0.0,0.0,9.267364175780449e-08,3.024596663113723e-06,-2.8,0.0,0.0,0.0,-100.0,-0.0004938496723005947,0.0
189,2024-11-12 00:00:00,3.064,3.064,3.064,3.064,0.0,1731373199999,0,0,0,0,0,3.063999999999999,3.064364337157092,-7.066820666423723e-07,-1.0392375540757874e-06,3.325554874334151e-07,3.064,3.064,3.064,0.0,0.0,0.0,0.0,0.0,0.0,0.0,0.0,0.0,8.605409591796131e-08,2.808554044319886e-06,-2.8,0.0,0.0,0.0,-100.0,-0.0004678310994266077,0.0
190,2024-11-12 01:00:00,3.064,3.064,3.064,3.064,0.0,1731376799999,0,0,0,0,0,3.063999999999999,3.064350049425441,-6.543352752963472e-07,-9.622570983198995e-07,3.079218230235523e-07,3.064,3.064,3.064,0.0,0.0,0.0,0.0,0.0,0.0,0.0,0.0,0.0,7.990737478096408e-08,2.60794304115418e-06,-2.8,0.0,0.0,0.0,-100.0,-0.0004431475707167287,0.0
191,2024-11-12 02:00:00,3.064,3.064,3.064,3.064,0.0,1731380399999,0,0,0,0,0,3.063999999999999,3.0643363219969926,-6.0586601957624e-07,-8.909788825711675e-07,2.8511286299492754e-07,3.064,3.064,3.064,0.0,0.0,0.0,0.0,0.0,0.0,0.0,0.0,0.0,7.419970515375235e-08,2.421661395357453e-06,-2.8,0.0,0.0,0.0,-100.0,-0.00041973296917019454,0.0
192,2024-11-12 03:00:00,3.064,3.064,3.064,3.064,0.0,1731383999999,0,0,0,0,0,3.063999999999999,3.064323132899071,-5.609870754597068e-07,-8.249805211488754e-07,2.6399344568916853e-07,3.064,3.064,3.064,0.0,0.0,0.0,0.0,0.0,0.0,0.0,0.0,0.0,6.88997262141986e-08,2.248685581403349e-06,-2.8,0.0,0.0,0.0,-100.0,-0.00039752429064066064,0.0
193,2024-11-12 04:00:00,3.064,3.064,3.064,3.064,0.0,1731387599999,0,0,0,0,0,3.063999999999999,3.064310461020676,-5.194324943502693e-07,-7.638709157891542e-07,2.444384214388849e-07,3.064,3.064,3.064,0.0,0.0,0.0,0.0,0.0,0.0,0.0,0.0,0.0,6.39783171988987e-08,2.088065182731681e-06,-2.8,0.0,0.0,0.0,-100.0,-0.0003764615086110368,0.0
194,2024-11-12 05:00:00,3.064,3.064,3.064,3.064,0.0,1731391199999,0,0,0,0,0,3.063999999999999,3.0642982860786887,-4.80956027892887e-07,-7.072879382099008e-07,2.263319103170137e-07,3.064,3.064,3.064,0.0,0.0,0.0,0.0,0.0,0.0,0.0,0.0,0.0,5.940843739897737e-08,1.938917669679418e-06,-2.8,0.0,0.0,0.0,-100.0,-0.0003564874437866905,0.0
195,2024-11-12 06:00:00,3.064,3.064,3.064,3.064,0.0,1731394799999,0,0,0,0,0,3.063999999999999,3.0642865885854067,-4.4532966780863603e-07,-6.548962841296479e-07,2.0956661632101183e-07,3.064,3.064,3.064,0.0,0.0,0.0,0.0,0.0,0.0,0.0,0.0,0.0,5.5164977584764694e-08,1.8004235504166024e-06,-2.8,0.0,0.0,0.0,-100.0,-0.000337547638717961,0.0
196,2024-11-12 07:00:00,3.064,3.064,3.064,3.064,0.0,1731398399999,0,0,0,0,0,3.063999999999999,3.0642753498173514,-4.1234229541942113e-07,-6.063854863876025e-07,1.9404319096818136e-07,3.064,3.064,3.064,0.0,0.0,0.0,0.0,0.0,0.0,0.0,0.0,0.0,5.122462204299579e-08,1.6718218682439878e-06,-2.8,0.0,0.0,0.0,-100.0,-0.0003195902373409609,0.0
197,2024-11-12 08:00:00,3.064,3.064,3.064,3.064,0.0,1731401999999,0,0,0,0,0,3.063999999999999,3.0642645517852984,-3.8179843020458293e-07,-5.614680751509986e-07,1.796696449464157e-07,3.064,3.064,3.064,0.0,0.0,0.0,0.0,0.0,0.0,0.0,0.0,0.0,4.756572046849609e-08,1.5524060205122743e-06,-2.8,0.0,0.0,0.0,-100.0,-0.000302565869136906,0.0
198,2024-11-12 09:00:00,3.064,3.064,3.064,3.064,0.0,1731405599999,0,0,0,0,0,3.063999999999999,3.0642541772054828,-3.535170725044168e-07,-5.198778746216823e-07,1.6636080211726548e-07,3.064,3.064,3.064,0.0,0.0,0.0,0.0,0.0,0.0,0.0,0.0,0.0,4.416816900646066e-08,1.4415198761899694e-06,-2.8,0.0,0.0,0.0,-100.0,-0.0002864275378322567,0.0
199,2024-11-12 10:00:00,3.064,3.064,3.064,3.064,0.0,1731409199999,0,0,0,0,0,3.063999999999999,3.0642442094719344,-3.27330628824285e-07,-4.813684254622028e-07,1.540377966379178e-07,3.064,3.064,3.064,0.0,0.0,0.0,0.0,0.0,0.0,0.0,0.0,0.0,4.101329979171347e-08,1.3385541707478286e-06,-2.8,0.0,0.0,0.0,-100.0,-0.0002711305145841614,0.0
200,2024-11-12 11:00:00,3.064,3.064,3.064,3.064,0.0,1731412799999,0,0,0,0,0,3.063999999999999,3.0642346326298977,-3.0308392062750045e-07,-4.457115244952623e-07,1.4262760386776184e-07,3.064,3.064,3.064,0.0,0.0,0.0,0.0,0.0,0.0,0.0,0.0,0.0,3.808377837801965e-08,1.242943158551555e-06,-2.8,0.0,0.0,0.0,-100.0,-0.00025663223539584834,0.0
201,2024-11-12 12:00:00,3.064,3.064,3.064,3.064,0.0,1731416399999,0,0,0,0,0,3.063999999999999,3.0642254313502937,-2.80633264626573e-07,-4.126958725215244e-07,1.3206260789495141e-07,3.064,3.064,3.064,0.0,0.0,0.0,0.0,0.0,0.0,0.0,0.0,0.0,3.536350849387539e-08,1.1541615043693013e-06,-2.8,0.0,0.0,0.0,-100.0,-0.00024289220269535505,0.0
202,2024-11-12 13:00:00,3.064,3.064,3.064,3.064,0.0,1731419999999,0,0,0,0,0,3.063999999999999,3.064216590905184,-2.5984561924374816e-07,-3.821258218659692e-07,1.2228020262222103e-07,3.064,3.064,3.064,0.0,0.0,0.0,0.0,0.0,0.0,0.0,0.0,0.0,3.283754360145572e-08,1.071721396914351e-06,-2.8,0.0,0.0,0.0,-100.0,-0.00022987189102208205,0.0
203,2024-11-12 14:00:00,3.064,3.064,3.064,3.064,0.0,1731423599999,0,0,0,0,0,3.063999999999999,3.0642080971441965,-2.405977990171948e-07,-3.538202172962143e-07,1.1322241827901952e-07,3.064,3.064,3.064,0.0,0.0,0.0,0.0,0.0,0.0,0.0,0.0,0.0,3.0492004772780306e-08,9.95169868563326e-07,-2.8,0.0,0.0,0.0,-100.0,-0.00021753465649920756,0.0
204,2024-11-12 15:00:00,3.064,3.064,3.064,3.064,0.0,1731427199999,0,0,0,0,0,3.063999999999999,3.064199936471875,-2.2277574274198741e-07,-3.2761132238536895e-07,1.0483557964338154e-07,3.064,3.064,3.064,0.0,0.0,0.0,0.0,0.0,0.0,0.0,0.0,0.0,2.8314004431867427e-08,9.240863065230883e-07,-2.8,0.0,0.0,0.0,-100.0,-0.000205845650114167,0.0
205,2024-11-12 16:00:00,3.064,3.064,3.064,3.064,0.0,1731430799999,0,0,0,0,0,3.063999999999999,3.064192095825919,-2.0627383801041788e-07,-3.033438255103787e-07,9.706998749996084e-08,3.064,3.064,3.064,0.0,0.0,0.0,0.0,0.0,0.0,0.0,0.0,0.0,2.6291575543876896e-08,8.580801417714391e-07,-2.8,0.0,0.0,0.0,-100.0,-0.00019477173460735742,0.0
206,2024-11-12 17:00:00,3.064,3.064,3.064,3.064,0.0,1731434399999,0,0,0,0,0,3.063999999999999,3.064184562656275,-1.909942963784772e-07,-2.808739196839984e-07,8.98796233055212e-08,3.064,3.064,3.064,0.0,0.0,0.0,0.0,0.0,0.0,0.0,0.0,0.0,2.4413605862171404e-08,7.967887030734792e-07,-2.8,0.0,0.0,0.0,-100.0,-0.00018428140494686218,0.0
207,2024-11-12 18:00:00,3.064,3.064,3.064,3.064,0.0,1731437999999,0,0,0,0,0,3.063999999999999,3.0641773249050486,-1.7684657249716906e-07,-2.6006845024663256e-07,8.322187774946349e-08,3.064,3.064,3.064,0.0,0.0,0.0,0.0,0.0,0.0,0.0,0.0,0.0,2.2669776872016302e-08,7.398752242825164e-07,-2.8,0.0,0.0,0.0,-100.0,-0.0001743447121227426,0.0
208,2024-11-12 19:00:00,3.064,3.064,3.064,3.064,0.0,1731441599999,0,0,0,0,0,3.063999999999999,3.0641703709872035,-1.6374682765274429e-07,-2.408041257278549e-07,7.705729807511062e-08,3.064,3.064,3.064,0.0,0.0,0.0,0.0,0.0,0.0,0.0,0.0,0.0,2.1050507095443708e-08,6.870269939766222e-07,-2.8,0.0,0.0,0.0,-100.0,-0.00016493319013877183,0.0
209,2024-11-12 20:00:00,3.064,3.064,3.064,3.064,0.0,1731445199999,0,0,0,0,0,3.063999999999999,3.064163689772019,-1.5161743416314266e-07,-2.2296678741491245e-07,7.134935325176979e-08,3.064,3.064,3.064,0.0,0.0,0.0,0.0,0.0,0.0,0.0,0.0,0.0,1.9546899445769158e-08,6.379536372640064e-07,-2.8,0.0,0.0,0.0,-100.0,-0.00015601978635704228,0.0
210,2024-11-12 21:00:00,3.064,3.064,3.064,3.064,0.0,1731448799999,0,0,0,0,0,3.063999999999999,3.064157270565273,-1.403865139693039e-07,-2.0645073272579075e-07,6.606421875648684e-08,3.064,3.064,3.064,0.0,0.0,0.0,0.0,0.0,0.0,0.0,0.0,0.0,1.8150692342499932e-08,5.923855203165774e-07,-2.8,0.0,0.0,0.0,-100.0,-0.00014757879460702839,0.0
211,2024-11-12 22:00:00,3.064,3.064,3.064,3.064,0.0,1731452399999,0,0,0,0,0,3.063999999999999,3.0641511030921254,-1.2998751408588305e-07,-1.911580889978092e-07,6.117057491192616e-08,3.064,3.064,3.064,0.0,0.0,0.0,0.0,0.0,0.0,0.0,0.0,0.0,1.685421431803565e-08,5.500722688653934e-07,-2.8,0.0,0.0,0.0,-100.0,-0.00013958579150319395,0.0
212,2024-11-12 23:00:00,3.064,3.064,3.064,3.064,0.0,1731455999999,0,0,0,0,0,3.063999999999999,3.0641451774806696,-1.2035881002958604e-07,-1.7699823320416457e-07,5.663942317457853e-08,3.064,3.064,3.064,0.0,0.0,0.0,0.0,0.0,0.0,0.0,0.0,0.0,1.5650341866747388e-08,5.107813925178651e-07,-2.8,0.0,0.0,0.0,-100.0,-0.00013201757523839674,0.0
213,2024-11-13 00:00:00,3.064,3.064,3.064,3.064,0.0,1731459599999,0,0,0,0,0,3.063999999999999,3.0641394842461334,-1.114433434423745e-07,-1.6388725525180655e-07,5.2443911809432054e-08,3.064,3.064,3.064,0.0,0.0,0.0,0.0,0.0,0.0,0.0,0.0,0.0,1.4532460304836861e-08,4.7429700733801766e-07,-2.8,0.0,0.0,0.0,-100.0,-0.00012485210739709984,0.0
214,2024-11-13 01:00:00,3.064,3.064,3.064,3.064,0.0,1731463199999,0,0,0,0,0,3.063999999999999,3.0641340142756968,-1.0318828147504178e-07,-1.517474604964536e-07,4.855917902141182e-08,3.064,3.064,3.064,0.0,0.0,0.0,0.0,0.0,0.0,0.0,0.0,0.0,1.3494427425919943e-08,4.404186496710165e-07,-2.8,0.0,0.0,0.0,-100.0,-0.00011806845712225567,0.0
215,2024-11-13 02:00:00,3.064,3.064,3.064,3.064,0.0,1731466799999,0,0,0,0,0,3.063999999999999,3.064128758813905,-9.554470548067684e-08,-1.4050690949329824e-07,4.49622040126214e-08,3.064,3.064,3.064,0.0,0.0,0.0,0.0,0.0,0.0,0.0,0.0,0.0,1.2530539752639946e-08,4.0896017469451516e-07,-2.8,0.0,0.0,0.0,-100.0,-0.00011164674791341866,0.0
216,2024-11-13 03:00:00,3.064,3.064,3.064,3.064,0.0,1731470399999,0,0,0,0,0,3.063999999999999,3.0641237094486535,-8.846732058032103e-08,-1.300989917107028e-07,4.163167113038178e-08,3.064,3.064,3.064,0.0,0.0,0.0,0.0,0.0,0.0,0.0,0.0,0.0,1.163550119887995e-08,3.79748733644907e-07,-2.8,0.0,0.0,0.0,-100.0,-0.00010556810677853079,0.0
217,2024-11-13 04:00:00,3.064,3.064,3.064,3.064,0.0,1731473999999,0,0,0,0,0,3.063999999999999,3.064118858097726,-8.191418565672848e-08,-1.2046203049990795e-07,3.8547844843179475e-08,3.064,3.064,3.064,0.0,0.0,0.0,0.0,0.0,0.0,0.0,0.0,0.0,1.0804393970388526e-08,3.526238240988422e-07,-2.8,0.0,0.0,0.0,-100.0,-9.981461558394855e-05,0.0
218,2024-11-13 05:00:00,3.064,3.064,3.064,3.064,0.0,1731477599999,0,0,0,0,0,3.063999999999999,3.0641141969958543,-7.584646821712226e-08,-1.1153891804335081e-07,3.569244982622855e-08,3.064,3.064,3.064,0.0,0.0,0.0,0.0,0.0,0.0,0.0,0.0,0.0,1.0032651543932202e-08,3.27436408091782e-07,-2.8,0.0,0.0,0.0,-100.0,-9.436926488026742e-05,0.0
219,2024-11-13 06:00:00,3.064,3.064,3.064,3.064,0.0,1731481199999,0,0,0,0,0,3.063999999999999,3.064109718682291,-7.022821169044846e-08,-1.0327677677277034e-07,3.304856508232188e-08,3.064,3.064,3.064,0.0,0.0,0.0,0.0,0.0,0.0,0.0,0.0,0.0,9.316033576508472e-09,3.040480932280833e-07,-2.8,0.0,0.0,0.0,0.0,-8.921590950450309e-05,0.0
220,2024-11-13 07:00:00,3.064,3.064,3.064,3.064,0.0,1731484799999,0,0,0,0,0,3.063999999999999,3.064105415988868,-6.50261222645554e-08,-9.562664587112735e-08,3.0600523606571954e-08,3.064,3.064,3.064,0.0,0.0,0.0,0.0,0.0,0.0,0.0,0.0,0.0,8.650602606757867e-09,2.8233037228322017e-07,-2.8,0.0,0.0,0.0,0.0,-8.433922641382097e-05,0.0
221,2024-11-13 08:00:00,3.064,3.064,3.064,3.064,0.0,1731488399999,0,0,0,0,0,3.063999999999999,3.06410128202852,-6.020937259876291e-08,-8.854319121665446e-08,2.8333818617891552e-08,3.064,3.064,3.064,0.0,0.0,0.0,0.0,0.0,0.0,0.0,0.0,0.0,8.032702420560877e-09,2.62163917120133e-07,-2.8,0.0,0.0,0.0,0.0,-7.972467449546272e-05,0.0
222,2024-11-13 09:00:00,3.064,3.064,3.064,3.064,0.0,1731491999999,0,0,0,0,0,3.063999999999999,3.0640973101842643,-5.57494193031971e-08,-8.198443683396299e-08,2.6235017530765885e-08,3.064,3.064,3.064,0.0,0.0,0.0,0.0,0.0,0.0,0.0,0.0,0.0,7.458937961949385e-09,2.434379230401235e-07,-2.8,0.0,0.0,0.0,0.0,-7.535845606421177e-05,0.0
223,2024-11-13 10:00:00,3.064,3.064,3.064,3.064,0.0,1731495599999,0,0,0,0,0,3.063999999999999,3.064093494098607,-5.161983240853374e-08,-7.591151594887713e-08,2.4291683540343392e-08,3.064,3.064,3.064,0.0,0.0,0.0,0.0,0.0,0.0,0.0,0.0,0.0,6.926156678953e-09,2.26049499965829e-07,-2.8,0.0,0.0,0.0,0.0,-7.122748026944237e-05,0.0
224,2024-11-13 11:00:00,3.064,3.064,3.064,3.064,0.0,1731499199999,0,0,0,0,0,3.063999999999999,3.0640898276633677,-4.779614082295325e-08,-7.028844092369235e-08,2.24923001007391e-08,3.064,3.064,3.064,0.0,0.0,0.0,0.0,0.0,0.0,0.0,0.0,0.0,6.4314312018849295e-09,2.0990310711112695e-07,-2.8,0.0,0.0,0.0,0.0,-6.731932825632114e-05,0.0
225,2024-11-13 12:00:00,3.064,3.064,3.064,3.064,0.0,1731502799999,0,0,0,0,0,3.063999999999999,3.0640863050099023,-4.425568578270145e-08,-6.508188989549417e-08,2.0826204112792723e-08,3.064,3.064,3.064,0.0,0.0,0.0,0.0,0.0,0.0,0.0,0.0,0.0,5.972043258893149e-09,1.9491002803176073e-07,-2.8,0.0,0.0,0.0,0.0,-6.362221977029847e-05,0.0
226,2024-11-13 13:00:00,3.064,3.064,3.064,3.064,0.0,1731506399999,0,0,0,0,0,3.063999999999999,3.06408292049971,-4.097748673714818e-08,-6.026100926382497e-08,1.928352252667679e-08,3.064,3.064,3.064,0.0,0.0,0.0,0.0,0.0,0.0,0.0,0.0,0.0,5.5454687404007815e-09,1.8098788317234927e-07,-2.8,0.0,0.0,0.0,0.0,-6.012498159346791e-05,0.0
227,2024-11-13 14:00:00,3.064,3.064,3.064,3.064,0.0,1731509999999,0,0,0,0,0,3.063999999999999,3.064079668715408,-3.794211744789777e-08,-5.579723090063953e-08,1.785511345274176e-08,3.064,3.064,3.064,0.0,0.0,0.0,0.0,0.0,0.0,0.0,0.0,0.0,5.149363830372154e-09,1.6806017723146718e-07,-2.8,0.0,0.0,0.0,0.0,-5.6817017202170916e-05,0.0
228,2024-11-13 15:00:00,3.064,3.064,3.064,3.064,0.0,1731513599999,0,0,0,0,0,3.063999999999999,3.0640765444520586,-3.513159008150524e-08,-5.166410273681267e-08,1.6532512655307433e-08,3.064,3.064,3.064,0.0,0.0,0.0,0.0,0.0,0.0,0.0,0.0,0.0,4.781552128202715e-09,1.5605587885779097e-07,-2.8,0.0,0.0,0.0,0.0,-5.368827804552723e-05,0.0
229,2024-11-13 16:00:00,3.064,3.064,3.064,3.064,0.0,1731517199999,0,0,0,0,0,3.063999999999999,3.0640735427088406,-3.252924996033357e-08,-4.7837132181516854e-08,1.530788222118328e-08,3.064,3.064,3.064,0.0,0.0,0.0,0.0,0.0,0.0,0.0,0.0,0.0,4.44001269047395e-09,1.4490903036794878e-07,-2.8,0.0,0.0,0.0,0.0,-5.0729236111823894e-05,0.0
230,2024-11-13 17:00:00,3.064,3.064,3.064,3.064,0.0,1731520799999,0,0,0,0,0,3.063999999999999,3.064070658681043,-3.0119675642481525e-08,-4.429364087370979e-08,1.4173965231228266e-08,3.064,3.064,3.064,0.0,0.0,0.0,0.0,0.0,0.0,0.0,0.0,0.0,4.122868926868668e-09,1.345583853416667e-07,-2.8,0.0,0.0,0.0,0.0,-4.793085789378537e-05,0.0
231,2024-11-13 18:00:00,3.064,3.064,3.064,3.064,0.0,1731524399999,0,0,0,0,0,3.063999999999999,3.064067887752375,-2.7888588327584785e-08,-4.101263036448479e-08,1.3124042036900003e-08,3.064,3.064,3.064,0.0,0.0,0.0,0.0,0.0,0.0,0.0,0.0,0.0,3.828378289235192e-09,1.2494707210297621e-07,-2.8,0.0,0.0,0.0,0.0,-4.528457941965769e-05,0.0
232,2024-11-13 19:00:00,3.064,3.064,3.064,3.064,0.0,1731527999999,0,0,0,0,0,3.063999999999999,3.064065225487576,-2.5822767035776906e-08,-3.7974657698743214e-08,1.2151890662966308e-08,3.064,3.064,3.064,0.0,0.0,0.0,0.0,0.0,0.0,0.0,0.0,0.0,3.5549226971469635e-09,1.1602228123847791e-07,-2.8,0.0,0.0,0.0,0.0,-4.2782282694275864e-05,0.0
233,2024-11-13 20:00:00,3.064,3.064,3.064,3.064,0.0,1731531599999,0,0,0,0,0,3.063999999999999,3.064062667625318,-2.390996955980995e-08,-3.516172007095656e-08,1.1251750511146611e-08,3.064,3.064,3.064,0.0,0.0,0.0,0.0,0.0,0.0,0.0,0.0,0.0,3.300999647350752e-09,1.077349754357295e-07,-2.8,0.0,0.0,0.0,0.0,-4.041627316153651e-05,0.0
234,2024-11-13 21:00:00,3.064,3.064,3.064,3.064,0.0,1731535199999,0,0,0,0,0,3.063999999999999,3.064060210071384,-2.21388605226025e-08,-3.255714816128575e-08,1.0418287638683254e-08,3.064,3.064,3.064,0.0,0.0,0.0,0.0,0.0,0.0,0.0,0.0,0.0,3.0652139582542695e-09,1.000396200474631e-07,-2.8,0.0,0.0,0.0,0.0,-3.81792582215823e-05,0.0
235,2024-11-13 22:00:00,3.064,3.064,3.064,3.064,0.0,1731538799999,0,0,0,0,0,3.063999999999999,3.064057848892114,-2.0498944763858162e-08,-3.014550748180024e-08,9.646562717942075e-09,3.064,3.064,3.064,0.0,0.0,0.0,0.0,0.0,0.0,0.0,0.0,0.0,2.8462701040932503e-09,9.289393290121574e-08,-2.8,0.0,0.0,0.0,0.0,-3.6064326880413944e-05,0.0
236,2024-11-13 23:00:00,3.064,3.064,3.064,3.064,0.0,1731542399999,0,0,0,0,0,3.063999999999999,3.0640555803081093,-1.8980504279397792e-08,-2.7912506841319748e-08,8.932002561921956e-09,3.064,3.064,3.064,0.0,0.0,0.0,0.0,0.0,0.0,0.0,0.0,0.0,2.642965096658018e-09,8.625865197970033e-08,-2.8,0.0,0.0,0.0,0.0,-3.406493040980507e-05,0.0
237,2024-11-14 00:00:00,3.064,3.064,3.064,3.064,0.0,1731545999999,0,0,0,0,0,3.063999999999999,3.0640534006881834,-1.7574540933651406e-08,-2.584491365978608e-08,8.270372726134674e-09,3.064,3.064,3.064,0.0,0.0,0.0,0.0,0.0,0.0,0.0,0.0,0.0,2.4541818754681595e-09,8.009731969543602e-08,-2.8,0.0,0.0,0.0,0.0,-3.217486379547552e-05,0.0
238,2024-11-14 01:00:00,3.064,3.064,3.064,3.064,0.0,1731549599999,0,0,0,0,0,3.063999999999999,3.064051306543549,-1.6272723168953007e-08,-2.3930475561619464e-08,7.657752392666457e-09,3.064,3.064,3.064,0.0,0.0,0.0,0.0,0.0,0.0,0.0,0.0,0.0,2.278883170077577e-09,7.437608257433345e-08,-2.8,0.0,0.0,0.0,0.0,-3.0388248273283125e-05,0.0
239,2024-11-14 02:00:00,3.064,3.064,3.064,3.064,0.0,1731553199999,0,0,0,0,0,3.063999999999999,3.064049294522233,-1.506733626754908e-08,-2.2157847702805388e-08,7.090511435256307e-09,3.064,3.064,3.064,0.0,0.0,0.0,0.0,0.0,0.0,0.0,0.0,0.0,2.1161058007863216e-09,6.906350524759535e-08,-2.8,0.0,0.0,0.0,0.0,-2.869951459816278e-05,0.0
240,2024-11-14 03:00:00,3.064,3.064,3.064,3.064,0.0,1731556799999,0,0,0,0,0,3.063999999999999,3.064047361403714,-1.3951237054499188e-08,-2.0516525573144147e-08,6.565288518644959e-09,3.064,3.064,3.064,0.0,0.0,0.0,0.0,0.0,0.0,0.0,0.0,0.0,1.9649553864444416e-09,6.413039772990997e-08,-2.8,0.0,0.0,0.0,0.0,-2.7103387212346064e-05,0.0
241,2024-11-14 04:00:00,3.064,3.064,3.064,3.064,0.0,1731560399999,0,0,0,0,0,3.063999999999999,3.0640455040937646,-1.2917812153290242e-08,-1.8996782889173367e-08,6.078970735883125e-09,3.064,3.064,3.064,0.0,0.0,0.0,0.0,0.0,0.0,0.0,0.0,0.0,1.8246014302698388e-09,5.954965503491641e-08,-2.8,0.0,0.0,0.0,0.0,-2.5594869157430367e-05,0.0
242,2024-11-14 05:00:00,3.064,3.064,3.064,3.064,0.0,1731563999999,0,0,0,0,0,3.063999999999999,3.0640437196194994,-1.1960937129629201e-08,-1.7589613737264535e-08,5.6286766076353334e-09,3.064,3.064,3.064,0.0,0.0,0.0,0.0,0.0,0.0,0.0,0.0,0.0,1.694272756679136e-09,5.5296108246708096e-08,-2.8,0.0,0.0,0.0,0.0,-2.4169227730297393e-05,0.0
243,2024-11-14 06:00:00,3.064,3.064,3.064,3.064,0.0,1731567599999,0,0,0,0,0,3.063999999999999,3.064042005124617,-1.1074941852484699e-08,-1.6286679360308568e-08,5.211737507823869e-09,3.064,3.064,3.064,0.0,0.0,0.0,0.0,0.0,0.0,0.0,0.0,0.0,1.5732532740591978e-09,5.1346386229086095e-08,-2.8,0.0,0.0,0.0,0.0,-2.282198086067666e-05,0.0
244,2024-11-14 07:00:00,3.064,3.064,3.064,3.064,0.0,1731571199999,0,0,0,0,0,3.063999999999999,3.064040357864828,-1.0254575855128678e-08,-1.508025865927259e-08,4.825682804143911e-09,3.064,3.064,3.064,0.0,0.0,0.0,0.0,0.0,0.0,0.0,0.0,0.0,1.4608780401978264e-09,4.767878721272279e-08,-2.8,0.0,0.0,0.0,0.0,-2.1548884243660638e-05,0.0
245,2024-11-14 08:00:00,3.064,3.064,3.064,3.064,0.0,1731574799999,0,0,0,0,0,3.063999999999999,3.064038775203462,-9.49497769298091e-09,-1.3963202466014253e-08,4.4682247730333425e-09,3.064,3.064,3.064,0.0,0.0,0.0,0.0,0.0,0.0,0.0,0.0,0.0,1.3565296087551246e-09,4.427315955467117e-08,-2.8,0.0,0.0,0.0,0.0,-2.0345918938513563e-05,0.0
246,2024-11-14 09:00:00,3.064,3.064,3.064,3.064,0.0,1731578399999,0,0,0,0,0,3.063999999999999,3.0640372546072476,-8.791646077810356e-09,-1.2928891188373473e-08,4.1372451105631176e-09,3.064,3.064,3.064,0.0,0.0,0.0,0.0,0.0,0.0,0.0,0.0,0.0,1.259634636701187e-09,4.1110791015051795e-08,-2.8,0.0,0.0,0.0,0.0,-1.9209279711329685e-05,0.0
247,2024-11-14 10:00:00,3.064,3.064,3.064,3.064,0.0,1731581999999,0,0,0,0,0,3.063999999999999,3.0640357936422573,-8.14041278829336e-09,-1.197119550835745e-08,3.8307827200640895e-09,3.064,3.064,3.064,0.0,0.0,0.0,0.0,0.0,0.0,0.0,0.0,0.0,1.1696607340796736e-09,3.817430594254809e-08,-2.8,0.0,0.0,0.0,0.0,-1.813536404382532e-05,0.0
248,2024-11-14 11:00:00,3.064,3.064,3.064,3.064,0.0,1731585599999,0,0,0,0,0,3.063999999999999,3.0640343899700118,-7.537419133285539e-09,-1.1084440233343068e-08,3.547021100057529e-09,3.064,3.064,3.064,0.0,0.0,0.0,0.0,0.0,0.0,0.0,0.0,0.0,1.0861135387882682e-09,3.5447569803794654e-08,-2.8,0.0,0.0,0.0,0.0,-1.712076141968666e-05,0.0
249,2024-11-14 12:00:00,3.064,3.064,3.064,3.064,0.0,1731589199999,0,0,0,0,0,3.063999999999999,3.0640330413437367,-6.9790915269152265e-09,-1.0263370492057499e-08,3.2842789651422726e-09,3.064,3.064,3.064,0.0,0.0,0.0,0.0,0.0,0.0,0.0,0.0,0.0,1.008534000303392e-09,3.291560053209504e-08,-2.8,0.0,0.0,0.0,0.0,-1.6162243487993777e-05,0.0
250,2024-11-14 13:00:00,3.064,3.064,3.064,3.064,0.0,1731592799999,0,0,0,0,0,3.063999999999999,3.0640317456047668,-6.4621215045690406e-09,-9.503120694559808e-09,3.0409991899907675e-09,3.064,3.064,3.064,0.0,0.0,0.0,0.0,0.0,0.0,0.0,0.0,0.0,9.364958574245783e-10,3.056448620837397e-08,-2.8,0.0,0.0,0.0,0.0,-1.5256754470893696e-05,0.0
251,2024-11-14 14:00:00,3.064,3.064,3.064,3.064,0.0,1731596399999,0,0,0,0,0,3.063999999999999,3.0640305006790896,-5.983445738877435e-09,-8.799185703423333e-09,2.8157399645458975e-09,3.064,3.064,3.064,0.0,0.0,0.0,0.0,0.0,0.0,0.0,0.0,0.0,8.696032961799656e-10,2.838130862206154e-08,-2.8,0.0,0.0,0.0,0.0,-1.4401402137487196e-05,0.0
252,2024-11-14 15:00:00,3.064,3.064,3.064,3.064,0.0,1731599999999,0,0,0,0,0,3.063999999999999,3.064029304574027,-5.540227387967889e-09,-8.147394040332245e-09,2.607166652364356e-09,3.064,3.064,3.064,0.0,0.0,0.0,0.0,0.0,0.0,0.0,0.0,0.0,8.074887750242538e-10,2.6354072291914287e-08,-2.8,0.0,0.0,0.0,0.0,-1.3593449288418213e-05,0.0
253,2024-11-14 16:00:00,3.064,3.064,3.064,3.064,0.0,1731603599999,0,0,0,0,0,3.063999999999999,3.0640281553750457,-5.129840108253347e-09,-7.543883253916465e-09,2.4140431456631175e-09,3.064,3.064,3.064,0.0,0.0,0.0,0.0,0.0,0.0,0.0,0.0,0.0,7.498110053796643e-10,2.4471638556777553e-08,-2.8,0.0,0.0,0.0,0.0,-1.2830305595734615e-05,0.0
254,2024-11-14 17:00:00,3.064,3.064,3.064,3.064,0.0,1731607199999,0,0,0,0,0,3.063999999999999,3.064027051242691,-4.749852067220672e-09,-6.9850770165773065e-09,2.2352249493566342e-09,3.064,3.064,3.064,0.0,0.0,0.0,0.0,0.0,0.0,0.0,0.0,0.0,6.962530764239739e-10,2.2723664374150587e-08,-2.8,0.0,0.0,0.0,0.0,-1.2109519920144862e-05,0.0
255,2024-11-14 18:00:00,3.064,3.064,3.064,3.064,0.0,1731610799999,0,0,0,0,0,3.063999999999999,3.064025990409644,-4.398011288486714e-09,-6.467663870959188e-09,2.0696525824724744e-09,3.064,3.064,3.064,0.0,0.0,0.0,0.0,0.0,0.0,0.0,0.0,0.0,6.465207138222615e-10,2.1100545490282686e-08,-2.8,0.0,0.0,0.0,0.0,-1.1428772939137133e-05,0.0
256,2024-11-14 19:00:00,3.064,3.064,3.064,3.064,0.0,1731614399999,0,0,0,0,0,3.063999999999999,3.0640249711778935,-4.072232773211226e-09,-5.988577651409596e-09,1.91634487819837e-09,3.064,3.064,3.064,0.0,0.0,0.0,0.0,0.0,0.0,0.0,0.0,0.0,6.003406628349571e-10,1.9593363669548207e-08,-2.8,0.0,0.0,0.0,0.0,-1.0785870274698794e-05,0.0
257,2024-11-14 20:00:00,3.064,3.064,3.064,3.064,0.0,1731617999999,0,0,0,0,0,3.063999999999999,3.0640239919160153,-3.770585621509781e-09,-5.544979245429633e-09,1.7743936239198519e-09,3.064,3.064,3.064,0.0,0.0,0.0,0.0,0.0,0.0,0.0,0.0,0.0,5.574591869181745e-10,1.819383769315191e-08,-2.8,0.0,0.0,0.0,0.0,-1.0178735831978258e-05,0.0
258,2024-11-14 21:00:00,3.064,3.064,3.064,3.064,0.0,1731621599999,0,0,0,0,0,3.063999999999999,3.0640230510565636,-3.4912828184019418e-09,-5.134239960024095e-09,1.6429571416221533e-09,3.064,3.064,3.064,0.0,0.0,0.0,0.0,0.0,0.0,0.0,0.0,0.0,5.176406735668763e-10,1.689427785792677e-08,-2.8,0.0,0.0,0.0,0.0,-9.605405615342733e-06,0.0
259,2024-11-14 22:00:00,3.064,3.064,3.064,3.064,0.0,1731625199999,0,0,0,0,0,3.063999999999999,3.064022147093561,-3.232669243402597e-09,-4.753925816699796e-09,1.5212565732971986e-09,3.064,3.064,3.064,0.0,0.0,0.0,0.0,0.0,0.0,0.0,0.0,0.0,4.806663397406708e-10,1.5687543725217716e-08,-2.8,0.0,0.0,0.0,0.0,-9.064021722071658e-06,0.0
260,2024-11-14 23:00:00,3.064,3.064,3.064,3.064,0.0,1731628799999,0,0,0,0,0,3.063999999999999,3.0640212785800878,-2.9932123446485548e-09,-4.401783122289548e-09,1.408570777640993e-09,3.064,3.064,3.064,0.0,0.0,0.0,0.0,0.0,0.0,0.0,0.0,0.0,4.463330297591943e-10,1.4567004887702162e-08,-2.8,0.0,0.0,0.0,0.0,-8.552826824548276e-06,0.0
261,2024-11-15 00:00:00,3.064,3.064,3.064,3.064,0.0,1731632399999,0,0,0,0,0,3.063999999999999,3.064020444125967,-2.7714928130251337e-09,-4.075725060436665e-09,1.304232247411531e-09,3.064,3.064,3.064,0.0,0.0,0.0,0.0,0.0,0.0,0.0,0.0,0.0,4.1445209906210896e-10,1.3526504538580579e-08,-2.8,0.0,0.0,0.0,0.0,-8.07015871906458e-06,0.0
262,2024-11-15 01:00:00,3.064,3.064,3.064,3.064,0.0,1731635999999,0,0,0,0,0,3.063999999999999,3.064019642395537,-2.5661970326495975e-09,-3.773819454879251e-09,1.2076224222296538e-09,3.064,3.064,3.064,0.0,0.0,0.0,0.0,0.0,0.0,0.0,0.0,0.0,3.8484837770052976e-10,1.256032564296768e-08,-2.8,0.0,0.0,0.0,0.0,-7.614445340919929e-06,0.0
263,2024-11-15 02:00:00,3.064,3.064,3.064,3.064,0.0,1731639599999,0,0,0,0,0,3.063999999999999,3.0640188721055157,-2.376108199086957e-09,-3.4942772037207924e-09,1.1181690046338354e-09,3.064,3.064,3.064,0.0,0.0,0.0,0.0,0.0,0.0,0.0,0.0,0.0,3.5735920786477763e-10,1.1663159525612848e-08,-2.8,0.0,0.0,0.0,0.0,-7.184199979359818e-06,0.0
264,2024-11-15 03:00:00,3.064,3.064,3.064,3.064,0.0,1731643199999,0,0,0,0,0,3.063999999999999,3.0640181320229463,-2.2001001021010325e-09,-3.2354417833968406e-09,1.0353416812958081e-09,3.064,3.064,3.064,0.0,0.0,0.0,0.0,0.0,0.0,0.0,0.0,0.0,3.3183355016015067e-10,1.0830076702354786e-08,-2.8,0.0,0.0,0.0,0.0,-6.778016681252552e-06,0.0
265,2024-11-15 04:00:00,3.064,3.064,3.064,3.064,0.0,1731646799999,0,0,0,0,0,3.063999999999999,3.0640174209632227,-2.037129576137886e-09,-2.9957793419450496e-09,9.586497658071635e-10,3.064,3.064,3.064,0.0,0.0,0.0,0.0,0.0,0.0,0.0,0.0,0.0,3.081311537201399e-10,1.005649979504373e-08,-2.8,0.0,0.0,0.0,0.0,-6.394565987832834e-06,0.0
266,2024-11-15 05:00:00,3.064,3.064,3.064,3.064,0.0,1731650399999,0,0,0,0,0,3.063999999999999,3.064016737788194,-1.8862311712553037e-09,-2.7738697078071006e-09,8.876385365517969e-10,3.064,3.064,3.064,0.0,0.0,0.0,0.0,0.0,0.0,0.0,0.0,0.0,2.8612178559727277e-10,9.338178381112035e-09,-2.8,0.0,0.0,0.0,0.0,-6.032590837978802e-06,0.0
267,2024-11-15 06:00:00,3.064,3.064,3.064,3.064,0.0,1731653999999,0,0,0,0,0,3.063999999999999,3.0640160814043433,-1.7465100476954376e-09,-2.568397775784768e-09,8.218877280893302e-10,3.064,3.064,3.064,0.0,0.0,0.0,0.0,0.0,0.0,0.0,0.0,0.0,2.6568451519746756e-10,8.671165639604033e-09,-2.8,0.0,0.0,0.0,0.0,-5.690902638022521e-06,0.0
268,2024-11-15 07:00:00,3.064,3.064,3.064,3.064,0.0,1731657599999,0,0,0,0,0,3.063999999999999,3.0640154507610355,-1.617138867260337e-09,-2.3781459940798817e-09,7.610071268195446e-10,3.064,3.064,3.064,0.0,0.0,0.0,0.0,0.0,0.0,0.0,0.0,0.0,2.467070498262199e-10,8.051796665346603e-09,-2.8,0.0,0.0,0.0,0.0,-5.368377697934079e-06,0.0
269,2024-11-15 08:00:00,3.064,3.064,3.064,3.064,0.0,1731661199999,0,0,0,0,0,3.063999999999999,3.0640148448488382,-1.497350687884591e-09,-2.2019869328408235e-09,7.046362449562325e-10,3.064,3.064,3.064,0.0,0.0,0.0,0.0,0.0,0.0,0.0,0.0,0.0,2.2908511769577563e-10,7.47666833210756e-09,-2.8,0.0,0.0,0.0,0.0,-5.063953689710132e-06,0.0
270,2024-11-15 09:00:00,4.365,4.365,4.365,4.365,1.2,1731664799999,5.2380000,1,0,0,0,3.1290499999999994,3.1150338705410405,0.10378347439703983,0.02075669311781842,0.08302678127922142,4.364999999999988,3.3242000000000003,2.2834000000000128,99.99999977109097,33.333333333333336,11.111111111111112,100.0,33.333333333333336,1.3010000000000002,-0.0,42.46083550913839,100.0,0.09292857164129333,2.1289478039242455,-1.5999999999999999,0.0,0.0,466.666666666666,99.99999954218192,0.011397539529767187,100.0
271,2024-11-15 10:00:00,4.365,4.365,4.365,4.365,0.0,1731668399999,0,0,0,0,0,3.1940999999999997,3.1640521501276666,0.18391259682829153,0.053387873859913046,0.13052472296837847,4.859114462144345,3.584400000000001,2.309685537855657,99.99999977109097,66.66666666666667,33.333333333333336,100.0,66.66666666666667,1.3010000000000002,-0.0,42.46083550913839,100.0,0.0862908165240581,1.9768801036439423,-1.5999999999999999,0.0,0.0,233.33333333333326,99.99999954218191,0.03199189683189552,100.0
272,2024-11-15 11:00:00,4.365,4.365,4.365,4.365,0.0,1731671999999,0,0,0,0,0,3.2591499999999995,3.211148144240307,0.24459595375501797,0.09162948983893403,0.15296646391608393,5.11931446214434,3.844600000000001,2.5698855378556624,99.99999977109097,100.0,66.66666666666667,100.0,100.0,1.3010000000000002,-0.0,42.46083550913839,100.0,0.08012718677233965,1.8356743819550894,-1.5999999999999999,0.0,0.0,155.55555555555554,99.99999954218195,0.059840842307279374,100.0
273,2024-11-15 12:00:00,4.365,4.365,4.365,4.365,0.0,1731675599999,0,0,0,0,0,3.3242,3.25639723662304,0.2893524760907149,0.1311740870892902,0.1581783890014247,5.145599999999959,4.104800000000002,3.0640000000000445,99.99999977109097,100.0,88.88888888888887,100.0,100.0,1.3010000000000002,-0.0,42.46083550913839,100.0,0.07440381628860111,1.7045547832440118,-1.5999999999999999,0.0,0.0,116.6666666666665,99.99999954218195,0.0932470546492592,100.0
274,2024-11-15 13:00:00,4.365,4.365,4.365,4.365,0.0,1731679199999,0,0,0,0,0,3.3892499999999997,3.2998718547946857,0.3211206633783328,0.16916340234709873,0.15195726103123405,4.365000000000002,4.365000000000002,4.365000000000002,99.99999977109097,66.66666666666667,88.88888888888887,0.0,66.66666666666667,1.3010000000000002,-0.0,42.46083550913839,100.0,0.06908925798227246,1.5828008701551537,-1.5999999999999999,0.0,0.0,93.33333333333321,99.99999954218195,0.1307266168891985,100.0
275,2024-11-15 14:00:00,4.365,4.365,4.365,4.365,0.0,1731682799999,0,0,0,0,0,3.4543,3.341641585979208,0.34235077406375014,0.203800876690429,0.13854989737332113,4.365000000000002,4.365000000000002,4.365000000000002,99.99999977109097,33.333333333333336,66.66666666666666,0.0,33.333333333333336,1.3010000000000002,-0.0,42.46083550913839,100.0,0.06415431098353871,1.4697436651440714,-1.5999999999999999,0.0,0.0,77.77777777777771,99.99999954218192,0.17098755496767204,100.0
276,2024-11-15 15:00:00,4.365,4.365,4.365,4.365,0.0,1731686399999,0,0,0,0,0,3.5193499999999993,3.381773288489827,0.35508261834362154,0.23405722502106752,0.12102539332255402,4.365000000000002,4.365000000000002,4.365000000000002,99.99999977109097,0.0,33.33333333333332,0.0,0.0,1.3010000000000002,-0.0,42.46083550913839,100.0,0.05957186019900024,1.3647619747766377,-1.5999999999999999,0.0,0.0,66.66666666666659,99.99999954218192,0.21291182809244358,100.0
277,2024-11-15 16:00:00,4.365,4.365,4.365,4.365,0.0,1731689999999,0,0,0,0,0,3.5843999999999987,3.420331198745128,0.361011184450716,0.2594480169069972,0.1015631675437188,4.365000000000002,4.365000000000002,4.365000000000002,99.99999977109097,0.0,11.1111111111111,0.0,0.0,1.3010000000000002,-0.0,42.46083550913839,100.0,0.05531672732764308,1.2672789765783066,-1.5999999999999999,0.0,0.0,58.333333333333215,99.99999954218192,0.2555396846655622,42.857142857142854
278,2024-11-15 17:00:00,4.365,4.365,4.365,4.365,0.0,1731693599999,0,0,0,0,0,3.649449999999998,3.457377034088456,0.3615419848542718,0.2798668104964521,0.08167517435781968,4.365000000000002,4.365000000000002,4.365000000000002,99.99999977109097,0.0,-1.1842378929335004e-14,0.0,0.0,1.3010000000000002,-0.0,42.46083550913839,100.0,0.05136553251852572,1.1767590496798561,-1.5999999999999999,0.0,0.0,51.851851851851784,99.99999954218194,0.29805562888780557,42.857142857142854
279,2024-11-15 18:00:00,4.365,4.365,4.365,4.365,0.0,1731697199999,0,0,0,0,0,3.7144999999999975,3.4929700915751836,0.3578377175367806,0.2954609919045178,0.06237672563226282,4.365000000000002,4.365000000000002,4.365000000000002,99.99999977109097,0.0,-1.1842378929335004e-14,0.0,0.0,1.3010000000000002,-0.0,42.46083550913839,100.0,0.0476965659100596,1.0927048318455808,-1.5999999999999999,0.0,0.0,46.666666666666536,99.99999954218194,0.3397754920900997,42.857142857142854
280,2024-11-15 19:00:00,4.365,4.365,4.365,4.365,0.0,1731700799999,0,0,0,0,0,3.779549999999997,3.527167342885961,0.3508575910910343,0.3065403117418211,0.0443172793492132,4.365000000000002,4.365000000000002,4.365000000000002,99.99999977109097,0.0,-1.1842378929335004e-14,0.0,0.0,0.0,-0.0,0.0,100.0,0.04428966834505534,1.0146544867137535,-1.5999999999999999,0.0,0.0,42.42424242424233,99.99999954218191,0.38013428806122906,42.857142857142854
281,2024-11-15 20:00:00,4.365,4.365,4.365,4.365,0.0,1731704399999,0,0,0,0,0,3.8445999999999962,3.560023525517884,0.34139045394874223,0.31351034018320534,0.027880113765536896,4.365000000000002,4.365000000000002,4.365000000000002,99.99999977109097,0.0,-1.1842378929335004e-14,0.0,0.0,0.0,-0.0,0.0,100.0,0.041126120606122814,0.9421791662341996,-1.5999999999999999,0.0,0.0,38.88888888888874,99.99999954218194,0.4186746667289132,42.857142857142854
282,2024-11-15 21:00:00,4.365,4.365,4.365,4.365,0.1,1731707999999,0.4365000,1,0,0,0,3.9096499999999956,3.5915912303995357,0.3300826917552233,0.3168248104976089,0.013257881257614401,4.365000000000002,4.365000000000002,4.365000000000002,99.99999977109097,0.0,-1.1842378929335004e-14,0.0,0.0,0.0,-0.0,0.0,100.0,0.038188540562828326,0.8748806543603281,-1.5999999999999999,0.0,0.0,35.89743589743558,99.99999954218194,0.455035875924481,42.857142857142854
283,2024-11-15 22:00:00,4.365,4.365,4.365,4.365,0.0,1731711599999,0,0,0,0,0,3.974699999999995,3.6219209860701422,0.31746170779442906,0.31695218995697294,0.0005095178374561193,4.365000000000002,4.365000000000002,4.365000000000002,99.99999977109097,0.0,-1.1842378929335004e-14,0.0,0.0,0.0,0.0,0.0,100.0,0.03546078766548345,0.8123891790488762,-1.5999999999999999,0.0,0.0,-66.66666666666667,99.99999954218195,0.48894320497878674,42.857142857142854
284,2024-11-15 23:00:00,4.365,4.365,4.365,4.365,0.0,1731715199999,0,0,0,0,0,4.039749999999994,3.6510613395575877,0.30395567525768774,0.3143528870171159,-0.010397211759428149,4.365000000000002,4.365000000000002,4.365000000000002,99.99999977109097,0.0,-1.1842378929335004e-14,0.0,0.0,0.0,0.0,0.0,0.0,0.03292787426080606,0.754361380545385,-1.5999999999999999,0.0,0.0,-66.66666666666667,99.99999954218192,0.5201979235058829,14.285714285714285
285,2024-11-16 00:00:00,4.365,4.365,4.365,4.365,0.0,1731718799999,0,0,0,0,0,4.104799999999994,3.679058934084741,0.28991014349519606,0.3094643383127319,-0.01955419481753584,4.365000000000002,4.365000000000002,4.365000000000002,99.99999977109097,0.0,-1.1842378929335004e-14,0.0,0.0,0.0,0.0,0.0,0.0,0.030575883242177054,0.7004784247921433,-1.5999999999999999,0.0,0.0,-66.66666666666667,99.99999954218194,0.5486677497894332,14.285714285714285
286,2024-11-16 01:00:00,4.365,4.365,4.365,4.365,0.0,1731722399999,0,0,0,0,0,4.169849999999993,3.7059585837284765,0.2756019901941542,0.3026918686890164,-0.027089878494862163,4.365000000000002,4.365000000000002,4.365000000000002,99.99999977109097,0.0,-1.1842378929335004e-14,0.0,0.0,0.0,0.0,0.0,0.0,0.02839189158202155,0.6504442515927045,-1.5999999999999999,0.0,0.0,-66.66666666666667,99.99999954218192,0.5742778906526302,14.285714285714285
287,2024-11-16 02:00:00,4.365,4.365,4.365,4.365,0.0,1731725999999,0,0,0,0,0,4.234899999999993,3.7318033451508894,0.26125113515551224,0.29440372198231557,-0.03315258682680333,4.365000000000002,4.365000000000002,4.365000000000002,99.99999977109097,0.0,-1.1842378929335004e-14,0.0,0.0,0.0,0.0,0.0,0.0,0.02636389932616287,0.6039839479075113,-1.5999999999999999,0.0,0.0,-66.66666666666667,99.99999954218194,0.5970026927036853,14.285714285714285
288,2024-11-16 03:00:00,4.365,4.365,4.365,4.365,0.0,1731729599999,0,0,0,0,0,4.299949999999992,3.7566345865175212,0.24703036684711144,0.28492905095527477,-0.03789868410816333,4.365000000000002,4.365000000000002,4.365000000000002,99.99999977109097,0.0,-1.1842378929335004e-14,0.0,0.0,0.0,0.0,0.0,0.0,0.02448076366000838,0.5608422373426891,-1.5999999999999999,0.0,0.0,-66.66666666666667,99.99999954218192,0.6168579367844984,14.285714285714285
289,2024-11-16 04:00:00,4.365,4.365,4.365,4.365,0.0,1731733199999,0,0,0,0,0,4.364999999999991,3.7804920537129125,0.23307357837930986,0.2745579564400818,-0.04148437806077193,4.365000000000002,4.365000000000002,4.365000000000002,99.99999977109097,0.0,-1.1842378929335004e-14,0.0,0.0,0.0,0.0,0.0,0.0,0.022732137684293496,0.5207820775324971,-1.5999999999999999,0.0,0.0,-66.66666666666667,99.99999954218192,0.6338937959924351,14.285714285714285
290,2024-11-16 05:00:00,4.365,4.365,4.365,4.365,0.0,1731736799999,0,0,0,0,0,4.364999999999991,3.803413933959465,0.2194826634443734,0.2635428978409401,-0.0440602343965667,4.365000000000002,4.365000000000002,4.365000000000002,99.99999977109097,0.0,-1.1842378929335004e-14,0.0,0.0,0.0,0.0,0.0,0.0,0.02110841356398682,0.4835833577087473,-1.5999999999999999,0.0,0.0,-66.66666666666667,99.99999954218195,0.6481884648294578,14.285714285714285
291,2024-11-16 06:00:00,4.365,4.365,4.365,4.365,0.0,1731740399999,0,0,0,0,0,4.364999999999991,3.8254369169414466,0.2063332837837315,0.25210097502949835,-0.04576769124576685,4.365000000000002,4.365000000000002,4.365000000000002,99.99999977109097,0.0,-1.1842378929335004e-14,0.0,0.0,0.0,0.0,0.0,0.0,0.019600669737987762,0.4490416893009796,-1.5999999999999999,0.0,0.0,-66.66666666666667,99.99999954218194,0.6598424543374115,14.285714285714285
292,2024-11-16 07:00:00,4.365,4.365,4.365,4.365,0.0,1731743999999,0,0,0,0,0,4.364999999999991,3.846596253531978,0.19367968679851444,0.24041671738330156,-0.04673703058478712,4.365000000000002,4.365000000000002,4.365000000000002,99.99999977109097,0.0,-1.1842378929335004e-14,0.0,0.0,0.0,0.0,0.0,0.0,0.018200621899560065,0.41696728292233826,-1.5999999999999999,0.0,0.0,-66.66666666666667,99.99999954218194,0.6689735364989735,14.285714285714285
293,2024-11-16 08:00:00,4.365,4.365,4.365,4.365,0.0,1731747599999,0,0,0,0,0,4.364999999999991,3.8669258122169983,0.18155872406880302,0.22864511872040186,-0.047086394651598834,4.365000000000002,4.365000000000002,4.365000000000002,99.99999977109097,0.0,-1.1842378929335004e-14,0.0,0.0,0.0,0.0,0.0,0.0,0.01690057747816292,0.38718390557074267,-1.5999999999999999,0.0,0.0,-66.66666666666667,99.99999954218192,0.6757123113209751,14.285714285714285
294,2024-11-16 09:00:00,4.365,4.365,4.365,4.365,0.0,1731751199999,0,0,0,0,0,4.364999999999991,3.886458133306528,0.16999319800912804,0.21691473457814708,-0.04692153656901904,4.365000000000002,4.365000000000002,4.365000000000002,99.99999977109097,0.0,-1.1842378929335004e-14,0.0,0.0,0.0,0.0,0.0,0.0,0.015693393372579852,0.3595279123156896,-1.5999999999999999,0.0,0.0,-66.66666666666667,99.99999954218195,0.680198362166351,14.285714285714285
295,2024-11-16 10:00:00,4.365,4.365,4.365,4.365,0.0,1731754799999,0,0,0,0,0,4.364999999999991,3.905224481019997,0.15899464399645868,0.2053307164618094,-0.04633607246535071,4.365000000000002,4.365000000000002,4.365000000000002,99.99999977109097,0.0,-1.1842378929335004e-14,0.0,0.0,0.0,0.0,0.0,0.0,0.014572436703109861,0.3338473471502832,-1.5999999999999999,0.0,0.0,-66.66666666666667,99.99999954218194,0.6825769591268127,14.285714285714285
296,2024-11-16 11:00:00,4.365,4.365,4.365,4.365,0.0,1731758399999,0,0,0,0,0,4.364999999999991,3.923254893529017,0.14856563849939253,0.19397770086932603,-0.045412062369933504,4.365000000000002,4.365000000000002,4.365000000000002,99.99999977109097,0.0,-1.1842378929335004e-14,0.0,0.0,0.0,0.0,0.0,0.0,0.013531548367173444,0.3100011080681201,-1.5999999999999999,0.0,0.0,-66.66666666666667,99.99999954218194,0.6829962664350431,14.285714285714285
297,2024-11-16 12:00:00,4.365,4.365,4.365,4.365,0.0,1731761999999,0,0,0,0,0,4.364999999999991,3.940578231037683,0.13870170953730998,0.1829225026029228,-0.04422079306561283,4.365000000000002,4.365000000000002,4.365000000000002,99.99999977109097,0.0,-1.1842378929335004e-14,0.0,0.0,0.0,0.0,0.0,0.0,0.012565009198089627,0.2878581717775401,-1.5999999999999999,0.0,0.0,-66.66666666666667,99.99999954218195,0.6816050079012204,14.285714285714285
298,2024-11-16 13:00:00,4.365,4.365,4.365,4.365,0.0,1731765599999,0,0,0,0,0,4.364999999999991,3.957222221977382,0.12939291380306095,0.17221658484295044,-0.04282367103988949,4.365000000000002,4.365000000000002,4.365000000000002,99.99999977109097,0.0,-1.1842378929335004e-14,0.0,0.0,0.0,0.0,0.0,0.0,0.011667508541083225,0.26729687379343015,-1.5999999999999999,0.0,0.0,-66.66666666666667,99.99999954218192,0.6785505438729134,0.0
299,2024-11-16 14:00:00,4.365,4.365,4.365,4.365,0.0,1731769199999,0,0,0,0,0,4.364999999999991,3.973213507390034,0.12062513465169111,0.16189829480469858,-0.04127316015300747,4.365000000000002,4.365000000000002,4.365000000000002,99.99999977109097,0.0,-1.1842378929335004e-14,0.0,0.0,0.0,0.0,0.0,0.0,0.010834115073862994,0.24820423995104224,-1.5999999999999999,0.0,0.0,-66.66666666666667,99.99999954218194,0.6739773139738281,0.0
300,2024-11-16 15:00:00,4.365,4.365,4.365,4.365,0.0,1731772799999,0,0,0,0,0,4.364999999999991,3.9885776835708167,0.11238114660259235,0.15199486516427735,-0.039613718561684996,4.365000000000002,4.365000000000002,4.365000000000002,99.99999977109097,0.0,-1.1842378929335004e-14,0.0,0.0,0.0,0.0,0.0,0.0,0.010060249711444208,0.2304753656688249,-1.5999999999999999,0.0,0.0,-66.66666666666667,99.99999954218194,0.66802560160788,0.0
301,2024-11-16 16:00:00,4.365,4.365,4.365,4.365,0.0,1731776399999,0,0,0,0,0,4.364999999999991,4.003339343038628,0.10464148477947965,0.14252418908731782,-0.03788270430783816,4.365000000000002,4.365000000000002,4.365000000000002,99.99999977109097,0.0,-1.1842378929335004e-14,0.0,0.0,0.0,0.0,0.0,0.0,0.009341660446341049,0.2140128395496231,-1.5999999999999999,0.0,0.0,-66.66666666666667,99.99999954218192,0.6608305786570234,0.0
302,2024-11-16 17:00:00,4.365,4.365,4.365,4.365,0.0,1731779999999,0,0,0,0,0,4.364999999999991,4.017522113899858,0.09738515161573602,0.13349638159300145,-0.03611122997726543,4.365000000000002,4.365000000000002,4.365000000000002,99.99999977109097,0.0,-1.1842378929335004e-14,0.0,0.0,0.0,0.0,0.0,0.0,0.008674398985888118,0.19872620815322145,-1.5999999999999999,0.0,0.0,-66.66666666666667,99.99999954218194,0.6525215917307259,0.0
303,2024-11-16 18:00:00,4.365,4.365,4.365,4.365,0.0,1731783599999,0,0,0,0,0,4.364999999999991,4.031148697668491,0.09059018800749641,0.12491514287590044,-0.034324954868404034,4.365000000000002,4.365000000000002,4.365000000000002,99.99999977109097,0.0,-1.1842378929335004e-14,0.0,0.0,0.0,0.0,0.0,0.0,0.008054799058324682,0.18453147899941996,-1.5999999999999999,0.0,0.0,-66.66666666666667,99.99999954218194,0.6432216545460667,0.0
304,2024-11-16 19:00:00,4.365,4.365,4.365,4.365,0.0,1731787199999,0,0,0,0,0,4.364999999999991,4.0442409056030595,0.08423413175594074,0.1167789406519085,-0.03254480889596775,4.365000000000002,4.365000000000002,4.365000000000002,99.99999977109097,0.0,-1.1842378929335004e-14,0.0,0.0,0.0,0.0,0.0,0.0,0.007479456268444347,0.17135065907088995,-1.5999999999999999,0.0,0.0,-66.66666666666667,99.99999954218194,0.6330471143722427,0.0
305,2024-11-16 20:00:00,4.365,4.365,4.365,4.365,0.0,1731790799999,0,0,0,0,0,4.364999999999991,4.056819693618626,0.07829438247901255,0.1090820290173293,-0.030787646538316754,4.365000000000002,4.365000000000002,4.365000000000002,99.99999977109097,0.0,-1.1842378929335004e-14,0.0,0.0,0.0,0.0,0.0,0.0,0.006945209392126894,0.15911132628011213,-1.5999999999999999,0.0,0.0,-66.66666666666667,99.99999954218194,0.6221074638342428,0.0
306,2024-11-16 21:00:00,4.365,4.365,4.365,4.365,0.0,1731794399999,0,0,0,0,0,4.364999999999991,4.06890519582966,0.07274848908564735,0.10181532103099292,-0.029066831945345567,4.365000000000002,4.365000000000002,4.365000000000002,99.99999977109097,0.0,-1.1842378929335004e-14,0.0,0.0,0.0,0.0,0.0,0.0,0.006449123006974973,0.14774623154581837,-1.5999999999999999,0.0,0.0,-66.66666666666667,99.99999954218192,0.6105052726445903,0.0
307,2024-11-16 22:00:00,4.365,4.365,4.365,4.365,0.0,1731797999999,0,0,0,0,0,4.364999999999991,4.0805167567775165,0.06757437330354499,0.09496713148550333,-0.02739275818195834,4.365000000000002,4.365000000000002,4.365000000000002,99.99999977109097,0.0,-1.1842378929335004e-14,0.0,0.0,0.0,0.0,0.0,0.0,0.0059884713636196175,0.13719292929254565,-1.5999999999999999,0.0,0.0,-66.66666666666667,99.99999954218194,0.5983362169480477,0.0
308,2024-11-16 23:00:00,4.365,4.365,4.365,4.365,10.6,1731801599999,46.2690000,3,10.6,46.2690000,0,4.364999999999991,4.091672962394084,0.06275050055912246,0.08852380530022716,-0.025773304741104702,4.365000000000002,4.365000000000002,4.365000000000002,99.99999977109097,0.0,-1.1842378929335004e-14,0.0,0.0,0.0,0.0,0.0,0.0,0.00556072340907536,0.1273934343430781,-1.5999999999999999,0.0,0.0,-66.66666666666667,99.99999954218192,0.5856891868767367,0.0
309,2024-11-17 00:00:00,4.365,4.365,4.365,4.365,302.3,1731805199999,1319.5395000,1,302.3,1319.5395000,0,4.364999999999991,4.102391669751179,0.0582560076618206,0.08247024577254584,-0.024214238110725247,4.365000000000002,4.365000000000002,4.365000000000002,99.99999977109097,0.0,-1.1842378929335004e-14,0.0,0.0,0.0,0.0,0.0,0.0,0.005163528879855691,0.11829390331857252,-1.5999999999999999,0.0,0.0,-66.66666666666667,99.99999954218194,0.5726464555936506,0.0
310,2024-11-17 01:00:00,4.365,4.365,4.365,4.365,0.0,1731808799999,0,0,0,0,0,4.364999999999991,4.11269003564329,0.05407079519058122,0.07679035565615291,-0.022719560465571692,4.365000000000002,4.365000000000002,4.365000000000002,99.99999977109097,0.0,-1.1842378929335004e-14,0.0,0.0,0.0,0.0,0.0,0.0,0.004794705388437427,0.10984433879581733,-1.5999999999999999,0.0,0.0,-66.66666666666667,99.99999954218192,0.5592838955369439,0.0
311,2024-11-17 02:00:00,4.365,4.365,4.365,4.365,0.0,1731812399999,0,0,0,0,0,4.364999999999991,4.1225845440494355,0.05017559117248105,0.07146740275941854,-0.021291811586937492,4.365000000000002,4.365000000000002,4.365000000000002,99.99999977109097,0.0,-1.1842378929335004e-14,0.0,0.0,0.0,0.0,0.0,0.0,0.004452226432120468,0.10199831459611611,-1.5999999999999999,0.0,0.0,-66.66666666666667,99.99999954218195,0.5456712297623678,0.0
312,2024-11-17 03:00:00,4.365,4.365,4.365,4.365,0.0,1731815999999,0,0,0,0,0,4.364999999999991,4.132091032518085,0.046551991543799076,0.06648432051629465,-0.01993232897249557,4.365000000000002,4.365000000000002,4.365000000000002,99.99999977109097,0.0,-1.1842378929335004e-14,0.0,0.0,0.0,0.0,0.0,0.0,0.004134210258397578,0.09471272069639353,-1.5999999999999999,0.0,0.0,-66.66666666666667,99.99999954218192,0.5318723082234023,0.0
313,2024-11-17 04:00:00,4.365,4.365,4.365,4.365,0.0,1731819599999,0,0,0,0,0,4.364999999999991,4.1412247175173755,0.043182481959574304,0.06182395280495058,-0.018641470845376276,4.365000000000002,4.365000000000002,4.365000000000002,99.99999977109097,0.0,-1.1842378929335004e-14,0.0,0.0,0.0,0.0,0.0,0.0,0.0038389095256548935,0.08794752636093685,-1.5999999999999999,0.0,0.0,-66.66666666666667,99.99999954218192,0.5179454005382667,0.0
314,2024-11-17 05:00:00,4.365,4.365,4.365,4.365,0.0,1731823199999,0,0,0,0,0,4.364999999999991,4.150000218791204,0.04005044474162567,0.057469251192285596,-0.017418806450659928,4.365000000000002,4.365000000000002,4.365000000000002,99.99999977109097,0.0,-1.1842378929335004e-14,0.0,0.0,0.0,0.0,0.0,0.0,0.0035647017023938297,0.0816655601922985,-1.5999999999999999,0.0,0.0,-66.66666666666667,99.99999954218194,0.5039434982846647,0.0
315,2024-11-17 06:00:00,4.365,4.365,4.365,4.365,29.8,1731826799999,130.0770000,1,29.8,130.0770000,0,4.364999999999991,4.158431582760176,0.03714015410372706,0.05340343177457389,-0.01626327767084683,4.365000000000002,4.365000000000002,4.365000000000002,99.99999977109097,0.0,-1.1842378929335004e-14,0.0,0.0,0.0,0.0,0.0,0.0,0.003310080152222842,0.0758323058928486,-1.5999999999999999,0.0,0.0,-66.66666666666667,99.99999954218192,0.48991462115559603,0.0
316,2024-11-17 07:00:00,4.365,4.365,4.365,4.365,0.0,1731830399999,0,0,0,0,0,4.364999999999991,4.166532305004876,0.03443676224664127,0.04961009786898737,-0.015173335622346094,4.365000000000002,4.365000000000002,4.365000000000002,99.99999977109097,0.0,-1.1842378929335004e-14,0.0,0.0,0.0,0.0,0.0,0.0,0.003073645855635496,0.07041571261478799,-1.5999999999999999,0.0,0.0,-66.66666666666667,99.99999954218195,0.47590212241976904,0.0
317,2024-11-17 08:00:00,4.365,4.365,4.365,4.365,778.6,1731833999999,3398.5890000,1,778.6,3398.5890000,0,4.364999999999991,4.174315351867429,0.031926278458364266,0.046073333986862745,-0.01414705552849848,4.365000000000002,4.365000000000002,4.365000000000002,99.99999977109097,0.0,-1.1842378929335004e-14,0.0,0.0,0.0,0.0,0.0,0.0,0.0028540997230901036,0.06538601885658885,-1.5999999999999999,0.0,0.0,-66.66666666666667,99.99999954218192,0.4619449900775896,0.0
318,2024-11-17 09:00:00,4.365,4.365,4.365,4.365,0.0,1731837599999,0,0,0,0,0,4.364999999999991,4.181793181205961,0.029595542972297828,0.04277777578394976,-0.013182232811651935,4.365000000000002,4.365000000000002,4.365000000000002,99.99999977109097,0.0,-1.1842378929335004e-14,0.0,0.0,0.0,0.0,0.0,0.0,0.0026502354571550962,0.06071558893826108,-1.5999999999999999,0.0,0.0,-66.66666666666667,99.99999954218191,0.4480781409057055,0.0
319,2024-11-17 10:00:00,4.365,4.365,4.365,4.365,23.0,1731841199999,100.3950000,5,23.0,100.3950000,0,4.364999999999991,4.188977762335139,0.02743219701629318,0.039708660030418445,-0.012276463014125265,4.365000000000002,4.365000000000002,4.365000000000002,99.99999977109097,0.0,-1.1842378929335004e-14,0.0,0.0,0.0,0.0,0.0,0.0,0.002460932924501161,0.05637876115695672,-1.5999999999999999,0.0,0.0,-66.66666666666667,99.99999954218194,0.43433270525772283,0.0
320,2024-11-17 11:00:00,4.365,4.365,4.365,4.365,0.0,1731844799999,0,0,0,0,0,4.364999999999991,4.195880595184742,0.025424650218668354,0.03685185806806843,-0.011427207849400073,4.365000000000002,4.365000000000002,4.365000000000002,99.99999977109097,0.0,-1.1842378929335004e-14,0.0,0.0,0.0,0.0,0.0,0.0,0.0022851520013225067,0.05235170678860267,-1.5999999999999999,0.0,0.0,-66.66666666666667,99.99999954218192,0.4207363010521048,0.0
321,2024-11-17 12:00:00,4.365,4.365,4.365,4.365,0.0,1731848399999,0,0,0,0,0,4.364999999999991,4.2025127287069095,0.02356204631490222,0.03419389571743518,-0.010631849402532964,4.365000000000002,4.365000000000002,4.365000000000002,99.99999977109097,0.0,-1.1842378929335004e-14,0.0,0.0,0.0,0.0,0.0,0.0,0.002121926858370899,0.04861229916084534,-1.5999999999999999,0.0,0.0,-66.66666666666667,99.99999954218195,0.4073132958435588,0.0
322,2024-11-17 13:00:00,4.365,4.365,4.365,4.365,0.0,1731851999999,0,0,0,0,0,4.364999999999991,4.208884778561541,0.02183422791377687,0.03172196215670352,-0.009887734242926646,4.365000000000002,4.365000000000002,4.365000000000002,99.99999977109097,0.0,-1.1842378929335004e-14,0.0,0.0,0.0,0.0,0.0,0.0,0.0019703606542015493,0.045139992077927814,-1.5999999999999999,0.0,0.0,-66.66666666666667,99.99999954218194,0.39408505625748713,0.0
323,2024-11-17 14:00:00,4.365,4.365,4.365,4.365,0.0,1731855599999,0,0,0,0,0,4.364999999999991,4.215006944108147,0.020231700928122542,0.029423909910987322,-0.00919220898286478,4.365000000000002,4.365000000000002,4.365000000000002,99.99999977109097,0.0,-1.1842378929335004e-14,0.0,0.0,0.0,0.0,0.0,0.0,0.0018296206074728673,0.0419157069295044,-1.5999999999999999,0.0,0.0,-66.66666666666667,99.99999954218195,0.3810701843784958,0.0
324,2024-11-17 15:00:00,4.365,4.365,4.365,4.365,0.0,1731859199999,0,0,0,0,0,4.364999999999991,4.220889024731357,0.018745599148158654,0.027288247758421588,-0.008542648610262934,4.365000000000002,4.365000000000002,4.365000000000002,99.99999977109097,0.0,-1.1842378929335004e-14,0.0,0.0,0.0,0.0,0.0,0.0,0.0016989334212248052,0.03892172786311123,-1.5999999999999999,0.0,0.0,-66.66666666666667,99.99999954218192,0.3682847409337109,0.0
325,2024-11-17 16:00:00,4.365,4.365,4.365,4.365,0.0,1731862799999,0,0,0,0,0,4.364999999999991,4.226540435526206,0.017367649330259027,0.025304128072789075,-0.007936478742530048,4.365000000000002,4.365000000000002,4.365000000000002,99.99999977109097,0.0,-1.1842378929335004e-14,0.0,0.0,0.0,0.0,0.0,0.0,0.001577581033994462,0.03614160444431757,-1.5999999999999999,0.0,0.0,-66.66666666666667,99.99999954218194,0.35574245531160287,0.0
326,2024-11-17 17:00:00,4.365,4.365,4.365,4.365,0.0,1731866399999,0,0,0,0,0,4.364999999999991,4.231970222368315,0.016090137087400258,0.023461329875711312,-0.007371192788311054,4.365000000000002,4.365000000000002,4.365000000000002,99.99999977109097,0.0,-1.1842378929335004e-14,0.0,0.0,0.0,0.0,0.0,0.0,0.001464896674423429,0.03356006126972346,-1.5999999999999999,0.0,0.0,-66.66666666666667,99.99999954218194,0.3434549226119632,0.0
327,2024-11-17 18:00:00,4.365,4.365,4.365,4.365,687.2,1731869999999,2999.6280000,1,687.2,2999.6280000,0,4.364999999999991,4.237187076393087,0.014905873796415392,0.02175023865985213,-0.006844364863436737,4.365000000000002,4.365000000000002,4.365000000000002,99.99999977109097,0.0,-1.1842378929335004e-14,0.0,0.0,0.0,0.0,0.0,0.0,0.0013602611976788984,0.03116291403617178,-1.5999999999999999,0.0,0.0,-66.66666666666667,99.99999954218192,0.3314317880437123,0.0
328,2024-11-17 19:00:00,4.365,4.365,4.365,4.365,0.0,1731873599999,0,0,0,0,0,4.364999999999991,4.242199347907084,0.01380816467901802,0.020161823863685306,-0.006353659184667286,4.365000000000002,4.365000000000002,4.365000000000002,99.99999977109097,0.0,-1.1842378929335004e-14,0.0,0.0,0.0,0.0,0.0,0.0,0.0012630996835589772,0.02893699160501666,-1.5999999999999999,0.0,0.0,-66.66666666666667,99.99999954218194,0.31968091907548235,0.0
329,2024-11-17 20:00:00,4.365,4.365,4.365,4.365,0.0,1731877199999,0,0,0,0,0,4.364999999999991,4.247015059753865,0.012790778166196226,0.01868761472418749,-0.005896836557991263,4.365000000000002,4.365000000000002,4.365000000000002,99.99999977109097,0.0,-1.1842378929335004e-14,0.0,0.0,0.0,0.0,0.0,0.0,0.0011728782775904788,0.026870063633229753,-1.5999999999999999,0.0,0.0,-66.66666666666667,99.99999954218192,0.3082085658107081,0.0
330,2024-11-17 21:00:00,4.365,4.365,4.365,4.365,0.0,1731880799999,0,0,0,0,0,4.364999999999991,4.2516419201556745,0.011847916617219845,0.01731967510279396,-0.005471758485574116,4.365000000000002,4.365000000000002,4.365000000000002,99.99999977109097,0.0,-1.1842378929335004e-14,0.0,0.0,0.0,0.0,0.0,0.0,0.0010891012577625874,0.024950773373713344,-1.5999999999999999,0.0,0.0,-66.66666666666667,99.99999954218194,0.2970195101019035,0.0
331,2024-11-17 22:00:00,4.365,4.365,4.365,4.365,0.0,1731884399999,0,0,0,0,0,4.364999999999991,4.2560873350515305,0.010974188433637622,0.016050577768962692,-0.00507638933532507,4.365000000000002,4.365000000000002,4.365000000000002,99.99999977109097,0.0,-1.1842378929335004e-14,0.0,0.0,0.0,0.0,0.0,0.0,0.0010113083107795454,0.023168575275590957,-1.5999999999999999,0.0,0.0,-66.66666666666667,99.99999954218192,0.2861172039496651,0.0
332,2024-11-17 23:00:00,4.365,4.365,4.365,4.365,0.0,1731887999999,0,0,0,0,0,4.364999999999991,4.26035841995147,0.010164581584008126,0.014873378531971779,-0.004708796947963653,4.365000000000002,4.365000000000002,4.365000000000002,99.99999977109097,0.0,-1.1842378929335004e-14,0.0,0.0,0.0,0.0,0.0,0.0,0.0009390720028667207,0.021513677041620178,-1.5999999999999999,0.0,0.0,-66.66666666666667,99.99999954218192,0.2755038977443336,0.0
333,2024-11-18 00:00:00,4.365,4.365,4.365,4.365,194.6,1731891599999,849.4290000,2,194.6,849.4290000,0,4.364999999999991,4.264462011325922,0.00941443853562074,0.01378159053270157,-0.004367151997080831,4.365000000000002,4.365000000000002,4.365000000000002,99.99999977109097,0.0,-1.1842378929335004e-14,0.0,0.0,0.0,0.0,0.0,0.0,0.0008719954312333835,0.019976985824361592,-1.5999999999999999,0.0,0.0,-66.66666666666667,99.99999954218195,0.26518075891575066,0.0
334,2024-11-18 01:00:00,4.365,4.365,4.365,4.365,0.0,1731895199999,0,0,0,0,0,4.364999999999991,4.2684046775484354,0.008719432574227248,0.012769158941006706,-0.0040497263667794575,4.365000000000002,4.365000000000002,4.365000000000002,99.99999977109097,0.0,-1.1842378929335004e-14,0.0,0.0,0.0,0.0,0.0,0.0,0.0008097100432881419,0.018550058265478623,-1.5999999999999999,0.0,0.0,-66.66666666666667,99.99999954218192,0.255147981550774,0.0
335,2024-11-18 02:00:00,4.365,4.365,4.365,4.365,0.0,1731898799999,0,0,0,0,0,4.364999999999991,4.272192729409281,0.008075545481121438,0.011830436249029653,-0.0037548907679082148,4.365000000000002,4.365000000000002,4.365000000000002,99.99999977109097,0.0,-1.1842378929335004e-14,0.0,0.0,0.0,0.0,0.0,0.0,0.0007518736116247032,0.01722505410365872,-1.5999999999999999,0.0,0.0,-66.66666666666667,99.99999954218192,0.24540488752959888,0.0
336,2024-11-18 03:00:00,4.365,4.365,4.365,4.365,43.4,1731902399999,189.4410000,1,43.4,189.4410000,0,4.364999999999991,4.27583223021676,0.007479046528048983,0.010960158304833519,-0.0034811117767845363,4.365000000000002,4.365000000000002,4.365000000000002,99.99999977109097,0.0,-1.1842378929335004e-14,0.0,0.0,0.0,0.0,0.0,0.0,0.0006981683536515101,0.015994693096254526,-1.5999999999999999,0.0,0.0,-66.66666666666667,99.99999954218195,0.2359500197165687,0.0
337,2024-11-18 04:00:00,4.365,4.365,4.365,4.365,0.0,1731905999999,0,0,0,0,0,4.364999999999991,4.279329005502377,0.006926472743983503,0.010153421192663516,-0.0032269484486800136,4.365000000000002,4.365000000000002,4.365000000000002,99.99999977109097,0.0,-1.1842378929335004e-14,0.0,0.0,0.0,0.0,0.0,0.0,0.0006482991855335451,0.01485221501795063,-1.5999999999999999,0.0,0.0,-66.66666666666667,99.99999954218194,0.22678122772308296,0.0
338,2024-11-18 05:00:00,4.365,4.365,4.365,4.365,0.0,1731909599999,0,0,0,0,0,4.364999999999991,4.282688652345421,0.006414610403259857,0.009405659034782785,-0.0029910486315229273,4.365000000000002,4.365000000000002,4.365000000000002,99.99999977109097,0.0,-1.1842378929335004e-14,0.0,0.0,0.0,0.0,0.0,0.0,0.0006019921008525777,0.013791342516668444,-1.5999999999999999,0.0,0.0,-66.66666666666667,99.99999954218191,0.21789574673884982,0.0
339,2024-11-18 06:00:00,4.365,4.365,4.365,4.365,0.0,1731913199999,0,0,0,0,0,4.364999999999991,4.285916548331874,0.005940477681573242,0.008712622764140875,-0.0027721450825676335,4.365000000000002,4.365000000000002,4.365000000000002,99.99999977109097,0.0,-1.1842378929335004e-14,0.0,0.0,0.0,0.0,0.0,0.0,0.0005589926650773936,0.0128062466226207,-1.5999999999999999,0.0,0.0,-66.66666666666667,99.99999954218192,0.20929026990583743,0.0
340,2024-11-18 07:00:00,4.365,4.365,4.365,4.365,0.0,1731916799999,0,0,0,0,0,4.364999999999991,4.289017860161997,0.005501308424621598,0.00807035989623702,-0.0025690514716154213,4.365000000000002,4.365000000000002,4.365000000000002,99.99999977109097,0.0,-1.1842378929335004e-14,0.0,0.0,0.0,0.0,0.0,0.0,0.0005190646175718655,0.011891514721004935,-1.5999999999999999,0.0,0.0,-66.66666666666667,99.99999954218191,0.20096101468494165,0.0
341,2024-11-18 08:00:00,4.365,4.365,4.365,4.365,0.0,1731920399999,0,0,0,0,0,4.364999999999991,4.29199755192035,0.0050945369734520796,0.007475195311680031,-0.0023806583382279516,4.365000000000002,4.365000000000002,4.365000000000002,99.99999977109097,0.0,-1.1842378929335004e-14,0.0,0.0,0.0,0.0,0.0,0.0,0.00048198857345958937,0.011042120812361726,-1.5999999999999999,0.0,0.0,-66.66666666666667,99.99999954218192,0.19290378364191785,0.0
342,2024-11-18 09:00:00,4.365,4.365,4.365,4.365,0.0,1731923999999,0,0,0,0,0,4.364999999999991,4.294860393021512,0.004717783990644264,0.006923713047472878,-0.0022059290568286136,4.365000000000002,4.365000000000002,4.365000000000002,99.99999977109097,0.0,-1.1842378929335004e-14,0.0,0.0,0.0,0.0,0.0,0.0,0.0004475608182124758,0.01025339789719303,-1.5999999999999999,0.0,0.0,-66.66666666666667,99.99999954218194,0.18511402005463307,0.0
343,2024-11-18 10:00:00,4.365,4.365,4.365,4.365,0.0,1731927599999,0,0,0,0,0,4.364999999999991,4.297610965844198,0.004368843232141373,0.006412739084406577,-0.002043895852265204,4.365000000000002,4.365000000000002,4.365000000000002,99.99999977109097,0.0,-1.1842378929335004e-14,0.0,0.0,0.0,0.0,0.0,0.0,0.00041559218834015613,0.009521012333107814,-1.5999999999999999,0.0,0.0,-66.66666666666667,99.99999954218194,0.17758685871993585,0.0
344,2024-11-18 11:00:00,4.365,4.365,4.365,4.365,0.0,1731931199999,0,0,0,0,0,4.364999999999991,4.300253673065995,0.004045669210725578,0.0059393251096703775,-0.0018936558989447998,4.365000000000002,4.365000000000002,4.365000000000002,99.99999977109097,0.0,-1.1842378929335004e-14,0.0,0.0,0.0,0.0,0.0,0.0,0.000385907032030145,0.008840940023600113,-1.5999999999999999,0.0,0.0,-66.66666666666667,99.99999954218194,0.1703171723153707,0.0
345,2024-11-18 12:00:00,4.365,4.365,4.365,4.365,0.0,1731934799999,0,0,0,0,0,4.364999999999991,4.302792744710465,0.0037463656986682636,0.005500733227469955,-0.0017543675288016914,4.365000000000002,4.365000000000002,4.365000000000002,99.99999977109097,0.0,-1.1842378929335004e-14,0.0,0.0,0.0,0.0,0.0,0.0,0.00035834224402799176,0.008209444307628676,-1.5999999999999999,0.0,0.0,-66.66666666666667,99.99999954218194,0.16329961364782708,0.0
346,2024-11-18 13:00:00,4.365,4.365,4.365,4.365,0.0,1731938399999,0,0,0,0,0,4.364999999999991,4.305232244917898,0.003469175018866011,0.005094421585749166,-0.0016252465668831553,4.365000000000002,4.365000000000002,4.365000000000002,99.99999977109097,0.0,-1.1842378929335004e-14,0.0,0.0,0.0,0.0,0.0,0.0,0.00033274636945456376,0.007623055428512342,-1.5999999999999999,0.0,0.0,-66.66666666666667,99.99999954218192,0.15652865410009653,0.0
347,2024-11-18 14:00:00,4.365,4.365,4.365,4.365,0.0,1731941999999,0,0,0,0,0,4.364999999999991,4.307576078450529,0.0032124680757856794,0.004718030883756469,-0.0015055628079707895,4.365000000000002,4.365000000000002,4.365000000000002,99.99999977109097,0.0,-1.1842378929335004e-14,0.0,0.0,0.0,0.0,0.0,0.0,0.00030897877163638067,0.00707855146933289,-1.5999999999999999,0.0,0.0,-66.66666666666667,99.99999954218194,0.1499986185651947,0.0
348,2024-11-18 15:00:00,4.365,4.365,4.365,4.365,0.0,1731945599999,0,0,0,0,0,4.364999999999991,4.309827996942665,0.0029747350796309746,0.00436937172293137,-0.001394636643300395,4.365000000000002,4.365000000000002,4.365000000000002,99.99999977109097,0.0,-1.1842378929335004e-14,0.0,0.0,0.0,0.0,0.0,0.0,0.0002869088593766392,0.006572940650094826,-1.5999999999999999,0.0,0.0,-66.66666666666667,99.99999954218194,0.1437037171386768,0.0
349,2024-11-18 16:00:00,4.365,4.365,4.365,4.365,0.0,1731949199999,0,0,0,0,0,4.364999999999991,4.311991604905698,0.0027545769193437764,0.004046412762213851,-0.0012918358428700748,4.365000000000002,4.365000000000002,4.365000000000002,99.99999977109097,0.0,-1.1842378929335004e-14,0.0,0.0,0.0,0.0,0.0,0.0,0.0002664153694211649,0.006103444889373766,-1.5999999999999999,0.0,0.0,-66.66666666666667,99.99999954218191,0.1376380738197902,0.0
350,2024-11-18 17:00:00,4.365,4.365,4.365,4.365,3388.0,1731952799999,14788.6200000,1,3388.0,14788.6200000,0,4.364999999999991,4.314070365497631,0.00255069714225975,0.003747269638223031,-0.0011965724959632808,4.365000000000002,4.365000000000002,4.365000000000002,99.99999977109097,0.0,-1.1842378929335004e-14,0.0,0.0,0.0,0.0,0.0,0.0,0.00024738570017679597,0.005667484540132783,-1.5999999999999999,0.0,0.0,-66.66666666666667,99.99999954218192,0.13179575245609865,0.0
351,2024-11-18 18:00:00,4.365,4.365,4.365,4.365,0.0,1731956399999,0,0,0,0,0,4.364999999999991,4.316067606066352,0.002361894500473305,0.0034701946106730857,-0.0011083001101997807,4.365000000000002,4.365000000000002,4.365000000000002,99.99999977109097,0.0,-1.1842378929335004e-14,0.0,0.0,0.0,0.0,0.0,0.0,0.00022971529302131052,0.005262664215837583,-1.5999999999999999,0.0,0.0,-66.66666666666667,99.99999954218194,0.12617078014778293,0.0
352,2024-11-18 19:00:00,4.365,4.365,4.365,4.365,0.0,1731959999999,0,0,0,0,0,4.364999999999991,4.317986523475515,0.0021870560261341154,0.0032135668937652915,-0.0010265108676311761,4.365000000000002,4.365000000000002,4.365000000000002,99.99999977109097,0.0,-1.1842378929335004e-14,0.0,0.0,0.0,0.0,0.0,0.0,0.00021330705780550264,0.004886759628992042,-1.5999999999999999,0.0,0.0,-66.66666666666667,99.99999954218194,0.1207571683132791,0.0
353,2024-11-18 20:00:00,4.365,4.365,4.365,4.365,0.0,1731963599999,0,0,0,0,0,4.364999999999991,4.319830189221573,0.00202515060007169,0.002975883635026571,-0.000950733034954881,4.365000000000002,4.365000000000002,4.365000000000002,99.99999977109097,0.0,-1.1842378929335004e-14,0.0,0.0,0.0,0.0,0.0,0.0,0.00019807083939082386,0.004537705369778325,-1.5999999999999999,0.0,0.0,-66.66666666666667,99.99999954218192,0.11554893160321544,0.0
354,2024-11-18 21:00:00,4.365,4.365,4.365,4.365,0.0,1731967199999,0,0,0,0,0,4.364999999999991,4.3216015543501385,0.0018752229802219134,0.0027557515040656398,-0.0008805285238437264,4.365000000000002,4.365000000000002,4.365000000000002,99.99999977109097,0.0,-1.1842378929335004e-14,0.0,0.0,0.0,0.0,0.0,0.0,0.0001839229222914793,0.004213583557651301,-1.5999999999999999,0.0,0.0,-66.66666666666667,99.99999954218191,0.11054010483546595,0.0
355,2024-11-18 22:00:00,4.365,4.365,4.365,4.365,0.0,1731970799999,0,0,0,0,0,4.364999999999991,4.323303454179545,0.0017363882583429913,0.00255187885492111,-0.0008154905965781188,4.365000000000002,4.365000000000002,4.365000000000002,99.99999977109097,0.0,-1.1842378929335004e-14,0.0,0.0,0.0,0.0,0.0,0.0,0.00017078557069923078,0.003912613303533351,-1.5999999999999999,0.0,0.0,-66.66666666666667,99.99999954218194,0.10572475811161386,0.0
356,2024-11-18 23:00:00,4.365,4.365,4.365,4.365,0.0,1731974399999,0,0,0,0,0,4.364999999999991,4.32493861283917,0.0016078267154648884,0.0023630684270298657,-0.0007552417115649773,4.365000000000002,4.365000000000002,4.365000000000002,99.99999977109097,0.0,-1.1842378929335004e-14,0.0,0.0,0.0,0.0,0.0,0.0,0.00015858660136357144,0.0036331409247095403,-1.5999999999999999,0.0,0.0,-66.66666666666667,99.99999954218194,0.10109701026324025,0.0
357,2024-11-19 00:00:00,4.365,4.365,4.365,4.365,0.0,1731977999999,0,0,0,0,0,4.364999999999991,4.32650964762979,0.0014887790483610885,0.0021882105512961102,-0.0006994315029350217,4.365000000000002,4.365000000000002,4.365000000000002,99.99999977109097,0.0,-1.1842378929335004e-14,0.0,0.0,0.0,0.0,0.0,0.0,0.00014725898698045919,0.0033736308586588583,-1.5999999999999999,0.0,0.0,-66.66666666666667,99.99999954218191,0.09665104076563846,0.0
358,2024-11-19 01:00:00,4.365,4.365,4.365,4.365,0.0,1731981599999,0,0,0,0,0,4.364999999999991,4.3280190732129356,0.0013785419411052047,0.0020262768292579293,-0.0006477348881527246,4.365000000000002,4.365000000000002,4.365000000000002,99.99999977109097,0.0,-1.1842378929335004e-14,0.0,0.0,0.0,0.0,0.0,0.0,0.00013674048791042638,0.0031326572258975117,-1.5999999999999999,0.0,0.0,-66.66666666666667,99.99999954218192,0.0923811002453423,0.0
359,2024-11-19 02:00:00,4.365,4.365,4.365,4.365,0.0,1731985199999,0,0,0,0,0,4.364999999999991,4.329469305635958,0.001276463957458951,0.0018763142548981337,-0.0005998502974391827,4.365000000000002,4.365000000000002,4.365000000000002,99.99999977109097,0.0,-1.1842378929335004e-14,0.0,0.0,0.0,0.0,0.0,0.0,0.0001269733102025388,0.0029088959954762608,-1.5999999999999999,0.0,0.0,-66.66666666666667,99.99999954218192,0.08828151969961784,0.0
360,2024-11-19 03:00:00,4.365,4.365,4.365,4.365,0.0,1731988799999,0,0,0,0,0,4.364999999999991,4.330862666199254,0.0011819417314402614,0.0017374397502065591,-0.0005554980187662977,4.365000000000002,4.365000000000002,4.365000000000002,99.99999977109097,0.0,-1.1842378929335004e-14,0.0,0.0,0.0,0.0,0.0,0.0,0.0001179037880452146,0.0027011177100850995,-1.5999999999999999,0.0,0.0,-66.66666666666667,99.99999954218192,0.08434671853598807,0.0
361,2024-11-19 04:00:00,4.365,4.365,4.365,4.365,0.0,1731992399999,0,0,0,0,0,4.364999999999991,4.332201385171832,0.00109441643491337,0.0016088350871479213,-0.0005144186522345513,4.365000000000002,4.365000000000002,4.365000000000002,99.99999977109097,0.0,-1.1842378929335004e-14,0.0,0.0,0.0,0.0,0.0,0.0,0.00010948208889912784,0.0025081807307933066,-1.5999999999999999,0.0,0.0,-66.66666666666667,99.99999954218194,0.08057121153242086,0.0
362,2024-11-19 05:00:00,4.365,4.365,4.365,4.365,0.0,1731995999999,0,0,0,0,0,4.364999999999991,4.333487605361172,0.0010133705024788497,0.001489742170214107,-0.00047637166773525723,4.365000000000002,4.365000000000002,4.365000000000002,99.99999977109097,0.0,-1.1842378929335004e-14,0.0,0.0,0.0,0.0,0.0,0.0,0.00010166193969204727,0.0023290249643080703,-1.5999999999999999,0.0,0.0,-66.66666666666667,99.99999954218195,0.07694961481077289,0.0
363,2024-11-19 06:00:00,4.365,4.365,4.365,4.365,0.0,1731999599999,0,0,0,0,0,4.364999999999991,4.334723385543087,0.0009383245952720998,0.0013794586552257056,-0.0004411340599536058,4.365000000000002,4.365000000000002,4.365000000000002,99.99999977109097,0.0,-1.1842378929335004e-14,0.0,0.0,0.0,0.0,0.0,0.0,9.440037257118674e-05,0.002162666038286065,-1.5999999999999999,0.0,0.0,-66.66666666666667,99.99999954218194,0.07347665090933209,0.0
364,2024-11-19 07:00:00,4.365,4.365,4.365,4.365,0.0,1732003199999,0,0,0,0,0,4.364999999999991,4.335910703757083,0.000868834786546202,0.0012773338814898048,-0.0004084990949436028,4.365000000000002,4.365000000000002,4.365000000000002,99.99999977109097,0.0,-1.1842378929335004e-14,0.0,0.0,0.0,0.0,0.0,0.0,8.765748881610197e-05,0.0020081898926942033,-1.5999999999999999,0.0,0.0,-66.66666666666667,99.99999954218192,0.07014715303332864,0.0
365,2024-11-19 08:00:00,4.365,4.365,4.365,4.365,0.0,1732006799999,0,0,0,0,0,4.364999999999991,4.337051460472492,0.0008044899530821326,0.0011827650958082703,-0.00037827514272613773,4.365000000000002,4.365000000000002,4.365000000000002,99.99999977109097,0.0,-1.1842378929335004e-14,0.0,0.0,0.0,0.0,0.0,0.0,8.139623961495183e-05,0.00186474775750176,-1.5999999999999999,0.0,0.0,-66.66666666666667,99.99999954218194,0.06695606855662284,0.0
366,2024-11-19 09:00:00,4.365,4.365,4.365,4.365,0.0,1732010399999,0,0,0,0,0,4.364999999999991,4.3381474816304335,0.0007449093575981891,0.001095193948166254,-0.0003502845905680649,4.365000000000002,4.365000000000002,4.365000000000002,99.99999977109097,0.0,-1.1842378929335004e-14,0.0,0.0,0.0,0.0,0.0,0.0,7.558222249959813e-05,0.0017315514891087774,-1.5999999999999999,0.0,0.0,-66.66666666666667,99.99999954218195,0.06389846184207126,0.0
367,2024-11-19 10:00:00,4.365,4.365,4.365,4.365,0.0,1732013999999,0,0,0,0,0,4.364999999999991,4.339200521566495,0.0006897404083430203,0.0010141032402016072,-0.0003243628318585869,4.365000000000002,4.365000000000002,4.365000000000002,99.99999977109097,0.0,-1.1842378929335004e-14,0.0,0.0,0.0,0.0,0.0,0.0,7.01834923210554e-05,0.0016078692398867216,-1.5999999999999999,0.0,0.0,-66.66666666666667,99.99999954218191,0.0609695164425883,0.0
368,2024-11-19 11:00:00,4.365,4.365,4.365,4.365,0.0,1732017599999,0,0,0,0,0,4.364999999999991,4.340212265818789,0.0006386565830478474,0.0009390139087708553,-0.0003003573257230078,4.365000000000002,4.365000000000002,4.365000000000002,99.99999977109096,0.0,-1.1842378929335004e-14,0.0,0.0,0.0,0.0,0.0,0.0,6.517038572669429e-05,0.00149302143703767,-1.5999999999999999,0.0,0.0,-66.66666666666667,99.99999954218191,0.058164536740856754,0.0
369,2024-11-19 12:00:00,4.365,4.365,4.365,4.365,0.0,1732021199999,0,0,0,0,0,4.364999999999991,4.341184333825896,0.0005913555053034258,0.0008694822280773694,-0.0002781267227739435,4.365000000000002,4.365000000000002,4.365000000000002,99.99999977109097,0.0,-1.1842378929335004e-14,100.0,33.333333333333336,0.0,0.0,0.0,0.0,6.051535817478756e-05,0.0013863770486778363,-1.5999999999999999,0.0,0.0,-66.66666666666667,99.99999954218192,0.05547894907980133,0.0
370,2024-11-19 13:00:00,4.365,4.365,4.365,4.365,0.0,1732024799999,0,0,0,0,0,4.364999999999991,4.3421182815189985,0.0005475571622808317,0.0008050972149180618,-0.0002575400526372301,4.365000000000002,4.365000000000002,4.365000000000002,99.99999977109097,0.0,-1.1842378929335004e-14,100.0,66.66666666666667,0.0,0.0,0.0,0.0,5.619283259087416e-05,0.0012873501166294195,-1.5999999999999999,0.0,0.0,-66.66666666666667,99.99999954218192,0.052908302433807286,0.0
371,2024-11-19 14:00:00,4.365,4.365,4.365,4.365,0.0,1732028399999,0,0,0,0,0,4.364999999999991,4.343015603812371,0.0005070022535047514,0.0007454782226353997,-0.00023847596913064838,4.365000000000002,4.365000000000002,4.365000000000002,99.99999977109097,0.0,-1.1842378929335004e-14,100.0,100.0,0.0,0.0,0.0,0.0,5.217905883438315e-05,0.001195396536870175,-1.5999999999999999,0.0,0.0,-66.66666666666667,99.99999954218191,0.050448268664915474,0.0
372,2024-11-19 15:00:00,4.365,4.365,4.365,4.365,0.0,1732031999999,0,0,0,0,0,4.364999999999991,4.3438777369962,0.00046945066111980793,0.0006902727103322814,-0.00022082204921247347,4.365000000000002,4.365000000000002,4.365000000000002,99.99999977109097,0.0,-1.1842378929335004e-14,100.0,100.0,0.0,0.0,0.0,0.0,4.845198320335578e-05,0.0011100110699508768,-1.5999999999999999,0.0,0.0,-66.66666666666667,99.99999954218192,0.04809464240578265,0.0
373,2024-11-19 16:00:00,4.365,4.365,4.365,4.365,0.0,1732035599999,0,0,0,0,0,4.364999999999991,4.344706061035565,0.0004346800327708067,0.0006391541748199865,-0.00020447414204917977,4.365000000000002,4.365000000000002,4.365000000000002,99.99999977109097,0.0,-1.1842378929335004e-14,0.0,66.66666666666667,0.0,0.0,0.0,0.0,4.499112726025894e-05,0.0010307245649543858,-1.5999999999999999,0.0,0.0,-66.66666666666667,99.99999954218191,0.045843340607976124,0.0
374,2024-11-19 17:00:00,4.365,4.365,4.365,4.365,0.0,1732039199999,0,0,0,0,0,4.364999999999991,4.345501901779268,0.0004024844688759188,0.000591820233631173,-0.00018933576475525413,4.365000000000002,4.365000000000002,4.365000000000002,99.99999977109097,0.0,-1.1842378929335004e-14,0.0,33.333333333333336,0.0,0.0,0.0,0.0,4.1777475313097587e-05,0.0009571013817433582,-1.5999999999999999,0.0,0.0,-66.66666666666667,99.99999954218195,0.043690401790308364,0.0
375,2024-11-19 18:00:00,4.365,4.365,4.365,4.365,0.0,1732042799999,0,0,0,0,0,4.364999999999991,4.346266533082042,0.0003726733066349297,0.0005479908482319243,-0.0001753175415969946,4.365000000000002,4.365000000000002,4.365000000000002,99.99999977109097,0.0,-1.1842378929335004e-14,0.0,0.0,0.0,0.0,0.0,0.0,3.8793369933590616e-05,0.0008887369973331183,-1.5999999999999999,0.0,0.0,-66.66666666666667,99.99999954218195,0.041631985020207374,0.0
376,2024-11-19 19:00:00,4.365,4.365,4.365,4.365,0.0,1732046399999,0,0,0,0,0,4.364999999999991,4.34700117884353,0.0003450699936928814,0.0005074066773241157,-0.00016233668363123432,4.365000000000002,4.365000000000002,4.365000000000002,99.99999977109097,0.0,-1.1842378929335004e-14,0.0,0.0,0.0,0.0,0.0,0.0,3.602241493833414e-05,0.0008252557832378955,-1.5999999999999999,0.0,0.0,-66.66666666666667,99.99999954218192,0.039664368657787996,0.0
377,2024-11-19 20:00:00,4.365,4.365,4.365,4.365,0.0,1732049999999,0,0,0,0,0,4.364999999999991,4.347707014967313,0.0003195110448785954,0.00046982755083501164,-0.00015031650595641625,4.365000000000002,4.365000000000002,4.365000000000002,99.99999977109097,0.0,-1.1842378929335004e-14,0.0,0.0,0.0,0.0,0.0,0.0,3.3449385299881706e-05,0.0007663089415780458,-1.5999999999999999,0.0,0.0,-66.66666666666667,99.99999954218195,0.03778394888971359,0.0
378,2024-11-19 21:00:00,4.365,4.365,4.365,4.365,0.0,1732053599999,0,0,0,0,0,4.364999999999991,4.348385171243105,0.0002958450759225073,0.00043503105585251077,-0.00013918597993000346,4.365000000000002,4.365000000000002,4.365000000000002,99.99999977109097,0.0,-1.1842378929335004e-14,0.0,0.0,0.0,0.0,0.0,0.0,3.10601434927473e-05,0.0007115725886081855,-1.5999999999999999,0.0,0.0,-66.66666666666667,99.99999954218195,0.035987238078849515,0.0
379,2024-11-19 22:00:00,4.365,4.365,4.365,4.365,0.0,1732057199999,0,0,0,0,0,4.364999999999991,4.349036733155141,0.0002739319084961167,0.00040281122638123195,-0.00012887931788511524,4.365000000000002,4.365000000000002,4.365000000000002,99.99999977109097,0.0,-1.1842378929335004e-14,0.0,0.0,0.0,0.0,0.0,0.0,2.8841561814693916e-05,0.0006607459751361721,-1.5999999999999999,0.0,0.0,-66.66666666666667,99.99999954218194,0.03427086295226811,0.0
380,2024-11-19 23:00:00,4.365,4.365,4.365,4.365,0.0,1732060799999,0,0,0,0,0,4.364999999999991,4.349662743619645,0.0002536417413274705,0.00037297732937047965,-0.00011933558804300912,4.365000000000002,4.365000000000002,4.365000000000002,99.99999977109097,0.0,-1.1842378929335004e-14,0.0,0.0,0.0,0.0,0.0,0.0,2.6781450256501493e-05,0.000613549834055017,-1.5999999999999999,0.0,0.0,-66.66666666666667,99.99999954218194,0.032631562648988144,0.0
381,2024-11-20 00:00:00,4.365,4.365,4.365,4.365,0.0,1732064399999,0,0,0,0,0,4.364999999999991,4.350264204654169,0.00023485438253345592,0.0003453527400030749,-0.00011049835746961901,4.365000000000002,4.365000000000002,4.365000000000002,99.99999977109097,0.0,-1.1842378929335004e-14,0.0,0.0,0.0,0.0,0.0,0.0,2.4868489523894243e-05,0.00056972484590823,-1.5999999999999999,0.0,0.0,-66.66666666666667,99.99999954218194,0.031066186647299432,0.0
382,2024-11-20 01:00:00,4.365,4.365,4.365,4.365,0.0,1732067999999,0,0,0,0,0,4.364999999999991,4.350842078981457,0.00021745853866317333,0.0003197738997350946,-0.00010231536107192129,4.365000000000002,4.365000000000002,4.365000000000002,99.99999977109097,0.0,-1.1842378929335004e-14,0.0,0.0,0.0,0.0,0.0,0.0,2.3092168843616082e-05,0.0005290302140576422,-1.5999999999999999,0.0,0.0,-66.66666666666667,99.99999954218194,0.029571692589058785,0.0
383,2024-11-20 02:00:00,4.365,4.365,4.365,4.365,0.0,1732071599999,0,0,0,0,0,4.364999999999991,4.35139729157042,0.00020135115627262223,0.00029608935104260013,-9.47381947699779e-05,4.365000000000002,4.365000000000002,4.365000000000002,99.99999977109097,0.0,-1.1842378929335004e-14,0.0,0.0,0.0,0.0,0.0,0.0,2.144272821192922e-05,0.0004912423416249534,-1.5999999999999999,0.0,0.0,-66.66666666666667,99.99999954218192,0.02814514401761059,0.0
384,2024-11-20 03:00:00,4.365,4.365,4.365,4.365,0.0,1732075199999,0,0,0,0,0,4.364999999999991,4.351930731116678,0.00018643681216357066,0.0002741588432667942,-8.772203110322355e-05,4.365000000000002,4.365000000000002,4.365000000000002,99.99999977109097,0.0,-1.1842378929335004e-14,0.0,0.0,0.0,0.0,0.0,0.0,1.9911104768219988e-05,0.0004561536029374568,-1.5999999999999999,0.0,0.0,-66.66666666666667,99.99999954218192,0.02678370804434227,0.0
385,2024-11-20 04:00:00,4.365,4.365,4.365,4.365,0.0,1732078799999,0,0,0,0,0,4.364999999999991,4.3524432514650435,0.00017262714869126228,0.00025385250435168785,-8.122535566042557e-05,4.365000000000002,4.365000000000002,4.365000000000002,99.99999977109097,0.0,-1.1842378929335004e-14,0.0,0.0,0.0,0.0,0.0,0.0,1.848888299906142e-05,0.0004235712027276384,-1.5999999999999999,0.0,0.0,-66.66666666666667,99.99999954218194,0.02548465295704183,0.0
386,2024-11-20 05:00:00,4.365,4.365,4.365,4.365,0.0,1732082399999,0,0,0,0,0,4.364999999999991,4.352935672976218,0.00015984035082894366,0.000235050073647139,-7.520972281819534e-05,4.365000000000002,4.365000000000002,4.365000000000002,99.99999977109097,0.0,-1.1842378929335004e-14,0.0,0.0,0.0,0.0,0.0,0.0,1.716824849912846e-05,0.00039331611681852133,-1.5999999999999999,0.0,0.0,-66.66666666666667,99.99999954218192,0.02424534578315818,0.0
387,2024-11-20 06:00:00,4.365,4.365,4.365,4.365,0.0,1732085999999,0,0,0,0,0,4.364999999999991,4.353408783839896,0.00014800066189657457,0.0002176401912970261,-6.963952940045154e-05,4.365000000000002,4.365000000000002,4.365000000000002,99.99999977109097,0.0,-1.1842378929335004e-14,0.0,0.0,0.0,0.0,0.0,0.0,1.5941945034904998e-05,0.0003652221084743413,-1.5999999999999999,0.0,0.0,-66.66666666666667,99.99999954218195,0.023063249818844334,0.0
388,2024-11-20 07:00:00,4.365,4.365,4.365,4.365,0.0,1732089599999,0,0,0,0,0,4.364999999999991,4.35386334133637,0.00013703793510444484,0.00020151974005850986,-6.448180495406501e-05,4.365000000000002,4.365000000000002,4.365000000000002,99.99999977109097,0.0,-1.1842378929335004e-14,0.0,0.0,0.0,0.0,0.0,0.0,1.4803234675268927e-05,0.0003391348150118883,-1.5999999999999999,0.0,0.0,-66.66666666666667,99.99999954218194,0.021935922133953234,0.0
389,2024-11-20 08:00:00,4.365,4.365,4.365,4.365,0.0,1732093199999,0,0,0,0,0,4.364999999999991,4.35430007304867,0.00012688721827203153,0.0001865932357012142,-5.9706017429182664e-05,4.365000000000002,4.365000000000002,4.365000000000002,99.99999977109097,0.0,-1.1842378929335004e-14,0.0,0.0,0.0,0.0,0.0,0.0,1.3745860769892575e-05,0.0003149108996538963,-1.5999999999999999,0.0,0.0,-66.66666666666667,99.99999954218192,0.020861011062911494,0.0
390,2024-11-20 09:00:00,4.365,4.365,4.365,4.365,0.0,1732096799999,0,0,0,0,0,4.364999999999991,4.354719678027153,0.00011748836926361861,0.00017277226241369507,-5.528389315007646e-05,4.365000000000002,4.365000000000002,4.365000000000002,99.99999977109097,0.0,-1.1842378929335004e-14,0.0,0.0,0.0,0.0,0.0,0.0,1.2764013572043105e-05,0.00029241726396433233,-1.5999999999999999,0.0,0.0,-66.66666666666667,99.99999954218194,0.019836253689220484,0.0
391,2024-11-20 10:00:00,4.365,4.365,4.365,4.365,0.0,1732100399999,0,0,0,0,0,4.364999999999991,4.355122827908441,0.00010878569987760045,0.00015997494990647613,-5.118925002887568e-05,4.365000000000002,4.365000000000002,4.365000000000002,99.99999977109097,0.0,-1.1842378929335004e-14,0.0,0.0,0.0,0.0,0.0,0.0,1.1852298316897168e-05,0.00027153031653830856,-1.5999999999999999,0.0,0.0,-66.66666666666667,99.99999954218192,0.018859473331667154,0.0
392,2024-11-20 11:00:00,4.365,4.365,4.365,4.365,0.0,1732103999999,0,0,0,0,0,4.364999999999991,4.355510167990463,0.00010072764608626272,0.00014812548914243346,-4.739784305617074e-05,4.365000000000002,4.365000000000002,4.365000000000002,99.99999977109097,0.0,-1.1842378929335004e-14,0.0,0.0,0.0,0.0,0.0,0.0,1.1005705579975942e-05,0.00025213529392842935,-1.5999999999999999,0.0,0.0,-66.66666666666667,99.99999954218195,0.01792857703868389,0.0
393,2024-11-20 12:00:00,4.365,4.365,4.365,4.365,0.0,1732107599999,0,0,0,0,0,4.364999999999991,4.355882318265347,9.326646267648897e-05,0.00013715368384924456,-4.388722117275559e-05,4.365000000000002,4.365000000000002,4.365000000000002,99.99999977109097,0.0,-1.1842378929335004e-14,0.0,0.0,0.0,0.0,0.0,0.0,1.0219583752834803e-05,0.00023412563007639867,-1.5999999999999999,0.0,0.0,-66.66666666666667,99.99999954218192,0.017041553097651985,0.0
394,2024-11-20 13:00:00,4.365,4.365,4.365,4.365,0.0,1732111199999,0,0,0,0,0,4.364999999999991,4.356239874411804,8.635794048661438e-05,0.00012699453517671852,-4.0636594690104136e-05,4.365000000000002,4.365000000000002,4.365000000000002,99.99999977109097,0.0,-1.1842378929335004e-14,0.0,0.0,0.0,0.0,0.0,0.0,9.489613484775174e-06,0.00021740237078522734,-1.5999999999999999,0.0,0.0,-66.66666666666667,99.99999954218195,0.016196468564011468,0.0
395,2024-11-20 14:00:00,4.365,4.365,4.365,4.365,0.0,1732114799999,0,0,0,0,0,4.364999999999991,4.3565834087485955,7.996114457764492e-05,0.0001175878570569038,-3.762671247925888e-05,4.365000000000002,4.365000000000002,4.365000000000002,99.99999977109097,0.0,-1.1842378929335004e-14,0.0,0.0,0.0,0.0,0.0,0.0,8.811783950148376e-06,0.00020187363001485396,-1.5999999999999999,0.0,0.0,-66.66666666666667,99.99999954218192,0.01539146681532877,0.0
396,2024-11-20 15:00:00,4.365,4.365,4.365,4.365,0.0,1732118399999,0,0,0,0,0,4.364999999999991,4.3569134711506114,7.403817177564775e-05,0.00010887792000065259,-3.483974822500483e-05,4.365000000000002,4.365000000000002,4.365000000000002,99.99999977109097,0.0,-1.1842378929335004e-14,0.0,0.0,0.0,0.0,0.0,0.0,8.182370810852063e-06,0.00018745408501379295,-1.5999999999999999,0.0,0.0,-66.66666666666667,99.99999954218195,0.014624765134763074,0.0
397,2024-11-20 16:00:00,4.365,4.365,4.365,4.365,0.0,1732121999999,0,0,0,0,0,4.364999999999991,4.357230589929019,6.855392617044487e-05,0.00010081312123461104,-3.225919506416617e-05,4.365000000000002,4.365000000000002,4.365000000000002,99.99999977109097,0.0,-1.1842378929335004e-14,0.0,0.0,0.0,0.0,0.0,0.0,7.597915752934058e-06,0.00017406450751280775,-1.5999999999999999,0.0,0.0,-66.66666666666667,99.99999954218192,0.013894652327661738,0.0
398,2024-11-20 17:00:00,4.365,4.365,4.365,4.365,0.0,1732125599999,0,0,0,0,0,4.364999999999991,4.3575352726769,6.347591122413121e-05,9.334567923251508e-05,-2.9869768008383867e-05,4.365000000000002,4.365000000000002,4.365000000000002,99.99999977109097,0.0,-1.1842378929335004e-14,0.0,0.0,0.0,0.0,0.0,0.0,7.05520748486734e-06,0.00016163132840475006,-1.5999999999999999,0.0,0.0,-66.66666666666667,99.99999954218194,0.013199486374770864,0.0
399,2024-11-20 18:00:00,4.365,4.365,4.365,4.365,0.0,1732129199999,0,0,0,0,0,4.364999999999991,4.357828007081728,5.877403727794217e-05,8.64313508416005e-05,-2.7657313563658325e-05,4.365000000000002,4.365000000000002,4.365000000000002,99.99999977109097,0.0,-1.1842378929335004e-14,0.0,0.0,0.0,0.0,0.0,0.0,6.551264093091102e-06,0.0001500862335186965,-1.5999999999999999,0.0,0.0,-66.66666666666667,99.99999954218192,0.012537692124792166,0.0
400,2024-11-20 19:00:00,4.365,4.365,4.365,4.365,0.0,1732132799999,0,0,0,0,0,4.364999999999991,4.358109261705974,5.4420443305502886e-05,8.002916933438098e-05,-2.5608726028878093e-05,4.365000000000002,4.365000000000002,4.365000000000002,99.99999977109097,0.0,-1.1842378929335004e-14,0.0,0.0,0.0,0.0,0.0,0.0,6.083316657870309e-06,0.00013936578826736102,-1.5999999999999999,0.0,0.0,-66.66666666666667,99.99999954218192,0.011907759028972897,0.0
401,2024-11-20 20:00:00,4.365,4.365,4.365,4.365,0.0,1732136399999,0,0,0,0,0,4.364999999999991,4.358379486737112,5.038933186440886e-05,7.410120184038655e-05,-2.3711869975977695e-05,4.365000000000002,4.365000000000002,4.365000000000002,99.99999977109097,0.0,-1.1842378929335004e-14,0.0,0.0,0.0,0.0,0.0,0.0,5.648794039451001e-06,0.00012941108910540666,-1.5999999999999999,0.0,0.0,-66.66666666666667,99.99999954218192,0.011308238920104685,0.0
402,2024-11-20 21:00:00,4.365,4.365,4.365,4.365,0.0,1732139999999,0,0,0,0,0,4.364999999999991,4.358639114708206,4.665681627002982e-05,6.861232472631521e-05,-2.1955508456285392e-05,4.365000000000002,4.365000000000002,4.365000000000002,99.99999977109097,0.0,-1.1842378929335004e-14,0.0,0.0,0.0,0.0,0.0,0.0,5.245308750918787e-06,0.0001201674398835919,-1.5999999999999999,0.0,0.0,-66.66666666666667,99.99999954218191,0.01073774383717474,0.0
403,2024-11-20 22:00:00,4.365,4.365,4.365,4.365,0.0,1732143599999,0,0,0,0,0,4.364999999999991,4.358888561190237,4.320077908026576e-05,6.353001559710532e-05,-2.0329236516839562e-05,4.365000000000002,4.365000000000002,4.365000000000002,99.99999977109097,0.0,-1.1842378929335004e-14,0.0,0.0,0.0,0.0,0.0,0.0,4.870643840138874e-06,0.00011158405132047819,-1.5999999999999999,0.0,0.0,-66.66666666666667,99.99999954218192,0.010194943897823272,0.0
404,2024-11-20 23:00:00,4.365,4.365,4.365,4.365,0.0,1732147199999,0,0,0,0,0,4.364999999999991,4.359128225457287,4.00007410652492e-05,5.88241606907341e-05,-1.88234196254849e-05,4.365000000000002,4.365000000000002,4.365000000000002,99.99999977109097,0.0,-1.1842378929335004e-14,0.0,0.0,0.0,0.0,0.0,0.0,4.522740708700383e-06,0.00010361376194044406,-1.5999999999999999,0.0,0.0,-66.66666666666667,99.99999954218194,0.009678565219672919,0.0
405,2024-11-21 00:00:00,4.365,4.365,4.365,4.365,0.0,1732150799999,0,0,0,0,0,4.364999999999991,4.3593584911256285,3.7037739873291287e-05,5.446687652724554e-05,-1.742913665395425e-05,4.365000000000002,4.365000000000002,4.365000000000002,99.99999977109097,0.0,-1.1842378929335004e-14,0.0,0.0,0.0,0.0,0.0,0.0,4.19968780093607e-06,9.621277894469806e-05,-1.5999999999999999,0.0,0.0,-66.66666666666667,99.99999954218192,0.00918738789119633,0.0
406,2024-11-21 01:00:00,4.365,4.365,4.365,4.365,0.0,1732154399999,0,0,0,0,0,4.364999999999991,4.359579726767761,3.429421768696983e-05,5.0432344759190395e-05,-1.6138127072220564e-05,4.365000000000002,4.365000000000002,4.365000000000002,99.99999977109097,0.0,-1.1842378929335004e-14,0.0,0.0,0.0,0.0,0.0,0.0,3.899710100869208e-06,8.934043759150534e-05,-1.5999999999999999,0.0,0.0,-66.66666666666667,99.99999954218192,0.00872024399336535,0.0
407,2024-11-21 02:00:00,4.365,4.365,4.365,4.365,0.0,1732157999999,0,0,0,0,0,4.364999999999991,4.359792286502358,3.1753917197008263e-05,4.669665924675397e-05,-1.4942742049745706e-05,4.365000000000002,4.365000000000002,4.365000000000002,99.99999977109097,0.0,-1.1842378929335004e-14,0.0,0.0,0.0,0.0,0.0,0.0,3.6211593793785508e-06,8.295897776354068e-05,-1.5999999999999999,0.0,0.0,-66.66666666666667,99.99999954218192,0.008276015672237236,0.0
408,2024-11-21 03:00:00,4.365,4.365,4.365,4.365,0.0,1732161599999,0,0,0,0,0,4.364999999999991,4.359996510561089,2.9401785278437842e-05,4.323768445309074e-05,-1.38358991746529e-05,4.365000000000002,4.365000000000002,4.365000000000002,99.99999977109097,0.0,-1.1842378929335004e-14,0.0,0.0,0.0,0.0,0.0,0.0,3.3625051379943687e-06,7.703333649471635e-05,-1.5999999999999999,0.0,0.0,-66.66666666666667,99.99999954218192,0.007853633263010806,0.0
409,2024-11-21 04:00:00,4.365,4.365,4.365,4.365,0.0,1732165199999,0,0,0,0,0,4.364999999999991,4.360192725833203,2.7223883800608917e-05,4.003492432259438e-05,-1.2811040521985462e-05,4.365000000000002,4.365000000000002,4.365000000000002,99.99999977109097,0.0,-1.1842378929335004e-14,0.0,0.0,0.0,0.0,0.0,0.0,3.1223261995661996e-06,7.153095531652233e-05,-1.5999999999999999,0.0,0.0,-66.66666666666667,99.99999954218192,0.0074520734657967935,0.0
410,2024-11-21 05:00:00,4.365,4.365,4.365,4.365,0.0,1732168799999,0,0,0,0,0,4.364999999999991,4.360381246388764,2.5207307043473293e-05,3.7069400866770165e-05,-1.1862093823296872e-05,4.365000000000002,4.365000000000002,4.365000000000002,99.99999977109097,0.0,-1.1842378929335004e-14,0.0,0.0,0.0,0.0,0.0,0.0,2.8993028995971853e-06,6.642160136534216e-05,-1.5999999999999999,0.0,0.0,-66.66666666666667,99.99999954218194,0.007070357572791508,0.0
411,2024-11-21 06:00:00,4.365,4.365,4.365,4.365,0.0,1732172399999,0,0,0,0,0,4.364999999999991,4.360562373981361,2.3340105230751362e-05,3.4323541739566404e-05,-1.0983436508815042e-05,4.365000000000002,4.365000000000002,4.365000000000002,99.99999977109097,0.0,-1.1842378929335004e-14,0.0,0.0,0.0,0.0,0.0,0.0,2.6922098353402434e-06,6.16772012678177e-05,-1.5999999999999999,0.0,0.0,-66.66666666666667,99.99999954218194,0.006707549747053676,0.0
412,2024-11-21 07:00:00,4.365,4.365,4.365,4.365,0.0,1732175999999,0,0,0,0,0,4.364999999999991,4.360736398531111,2.1611213721683953e-05,3.1781076135989914e-05,-1.0169862414305961e-05,4.365000000000002,4.365000000000002,4.365000000000002,99.99999977109097,0.0,-1.1842378929335004e-14,0.0,0.0,0.0,0.0,0.0,0.0,2.49990913281594e-06,5.7271686891545014e-05,-1.5999999999999999,0.0,0.0,-66.66666666666667,99.99999954218194,0.006362755352440352,0.0
413,2024-11-21 08:00:00,4.365,4.365,4.365,4.365,0.0,1732179599999,0,0,0,0,0,4.364999999999991,4.360903598588715,2.0010387455471346e-05,2.94269383998862e-05,-9.416550944414855e-06,4.365000000000002,4.365000000000002,4.365000000000002,99.99999977109097,0.0,-1.1842378929335004e-14,0.0,0.0,0.0,0.0,0.0,0.0,2.321344194757659e-06,5.3180852113577516e-05,-1.5999999999999999,0.0,0.0,-66.66666666666667,99.99999954218191,0.006035119334391048,0.0
414,2024-11-21 09:00:00,4.365,4.365,4.365,4.365,0.0,1732183199999,0,0,0,0,0,4.364999999999991,4.361064241781315,1.852814023806104e-05,2.724717876752117e-05,-8.719038529460129e-06,4.365000000000002,4.365000000000002,4.365000000000002,99.99999977109097,0.0,-1.1842378929335004e-14,0.0,0.0,0.0,0.0,0.0,0.0,2.155533895132112e-06,4.938221981975055e-05,-1.5999999999999999,0.0,0.0,-66.66666666666667,99.99999954218194,0.005723824650849529,0.0
415,2024-11-21 10:00:00,4.365,4.365,4.365,4.365,0.0,1732186799999,0,0,0,0,0,4.364999999999991,4.361218585240871,1.7155688540881897e-05,2.5228880722193315e-05,-8.073192181311418e-06,4.365000000000002,4.365000000000002,4.365000000000002,99.99999977109097,0.0,-1.1842378929335004e-14,0.0,0.0,0.0,0.0,0.0,0.0,2.001567188336961e-06,4.585491840405409e-05,-1.5999999999999999,0.0,0.0,-66.66666666666667,99.99999954218194,0.005428090753323289,0.0
416,2024-11-21 11:00:00,4.365,4.365,4.365,4.365,0.0,1732190399999,0,0,0,0,0,4.364999999999991,4.3613668760157385,1.5884899450036016e-05,2.3360084467761856e-05,-7.47518501772584e-06,4.365000000000002,4.365000000000002,4.365000000000002,99.99999977109097,0.0,-1.1842378929335004e-14,0.0,0.0,0.0,0.0,0.0,0.0,1.8585981034557496e-06,4.2579567089478796e-05,-1.5999999999999999,0.0,0.0,-66.66666666666667,99.99999954218194,0.005147172116504173,0.0
417,2024-11-21 12:00:00,4.365,4.365,4.365,4.365,0.0,1732193999999,0,0,0,0,0,4.364999999999991,4.361509351466101,1.4708242476402233e-05,2.162971606948993e-05,-6.921473593087697e-06,4.365000000000002,4.365000000000002,4.365000000000002,99.99999977109097,0.0,-1.1842378929335004e-14,0.0,0.0,0.0,0.0,0.0,0.0,1.7258410960660532e-06,3.953816944023031e-05,-1.5999999999999999,0.0,0.0,-66.66666666666667,99.99999954218194,0.004880356816694409,0.0
418,2024-11-21 13:00:00,4.365,4.365,4.365,4.365,0.0,1732197599999,0,0,0,0,0,4.364999999999991,4.3616462396439015,1.3618744932664129e-05,2.002752184212477e-05,-6.408776909460641e-06,4.365000000000002,4.365000000000002,4.365000000000002,99.99999977109097,0.0,-1.1842378929335004e-14,0.0,0.0,0.0,0.0,0.0,0.0,1.6025667320613353e-06,3.6714014480213863e-05,-1.5999999999999999,0.0,0.0,-66.66666666666667,99.99999954218192,0.004626965157483731,0.0
419,2024-11-21 14:00:00,4.365,4.365,4.365,4.365,0.0,1732201199999,0,0,0,0,0,4.364999999999991,4.361777759657866,1.2609950618802657e-05,1.8544007597460347e-05,-5.934056978657691e-06,4.365000000000002,4.365000000000002,4.365000000000002,99.99999977109097,0.0,-1.1842378929335004e-14,0.0,0.0,0.0,0.0,0.0,0.0,1.48809767977124e-06,3.409158487448431e-05,-1.5999999999999999,0.0,0.0,-66.66666666666667,99.99999954218194,0.00438634834216689,0.0
420,2024-11-21 15:00:00,4.365,4.365,4.365,4.365,0.0,1732204799999,0,0,0,0,0,4.364999999999991,4.3619041220242245,1.1675881562922541e-05,1.7170382390552785e-05,-5.494500827630244e-06,4.365000000000002,4.365000000000002,4.365000000000002,99.99999977109097,0.0,-1.1842378929335004e-14,0.0,0.0,0.0,0.0,0.0,0.0,1.3818049883590085e-06,3.1656471669163995e-05,-1.5999999999999999,0.0,0.0,-66.66666666666667,99.99999954218194,0.004157887192057785,0.0
421,2024-11-21 16:00:00,4.365,4.365,4.365,4.365,0.0,1732208399999,0,0,0,0,0,4.364999999999991,4.362025529003667,1.081100259803236e-05,1.58985064320487e-05,-5.087503834016341e-06,4.365000000000002,4.365000000000002,4.365000000000002,99.99999977109097,0.0,-1.1842378929335004e-14,0.0,0.0,0.0,0.0,0.0,0.0,1.2831046320476508e-06,2.9395295121366566e-05,-1.5999999999999999,0.0,0.0,-66.66666666666667,99.99999954218192,0.003940990909523379,0.0
422,2024-11-21 17:00:00,4.365,4.365,4.365,4.365,0.0,1732211999999,0,0,0,0,0,4.364999999999991,4.362142174925092,1.0010188564280043e-05,1.472084285849497e-05,-4.710654294214927e-06,4.365000000000002,4.365000000000002,4.365000000000002,99.99999977109097,0.0,-1.1842378929335004e-14,0.0,0.0,0.0,0.0,0.0,0.0,1.1914543011871044e-06,2.72956311841261e-05,-1.5999999999999999,0.0,0.0,-66.66666666666667,99.99999954218192,0.0037350958849380334,0.0
423,2024-11-21 18:00:00,4.365,4.365,4.365,4.365,0.0,1732215599999,0,0,0,0,0,4.364999999999991,4.362254246496657,9.268693938579986e-06,1.3630413074511974e-05,-4.3617191359319875e-06,4.365000000000002,4.365000000000002,4.365000000000002,99.99999977109097,0.0,-1.1842378929335004e-14,0.0,0.0,0.0,0.0,0.0,0.0,1.1063504225308826e-06,2.5345943242402806e-05,-1.5999999999999999,0.0,0.0,-66.66666666666667,99.99999954218195,0.003539664546470256,0.0
424,2024-11-21 19:00:00,4.365,4.365,4.365,4.365,0.0,1732219199999,0,0,0,0,0,4.364999999999991,4.362361923104631,8.582124714884287e-06,1.2620755402586437e-05,-4.0386306877021494e-06,4.365000000000002,4.365000000000002,4.365000000000002,99.99999977109097,0.0,-1.1842378929335004e-14,0.0,0.0,0.0,0.0,0.0,0.0,1.0273253923501053e-06,2.3535518725088322e-05,-1.5999999999999999,0.0,0.0,-66.66666666666667,99.99999954218192,0.0033541842517692544,0.0
425,2024-11-21 20:00:00,4.365,4.365,4.365,4.365,0.0,1732222799999,0,0,0,0,0,4.364999999999991,4.362465377100528,7.946412362791477e-06,1.1685886794627445e-05,-3.7394744318359678e-06,4.365000000000002,4.365000000000002,4.365000000000002,99.99999977109096,0.0,-1.1842378929335004e-14,0.0,0.0,0.0,0.0,0.0,0.0,9.539450071822406e-07,2.185441024472487e-05,-1.5999999999999999,0.0,0.0,-66.66666666666667,99.99999954218191,0.0031781662203522743,0.0
426,2024-11-21 21:00:00,4.365,4.365,4.365,4.365,0.0,1732226399999,0,0,0,0,0,4.364999999999991,4.3625647740769775,7.357789724160568e-06,1.082026738053407e-05,-3.4624776563735014e-06,4.365000000000002,4.365000000000002,4.365000000000002,99.99999977109097,0.0,-1.1842378929335004e-14,100.0,33.333333333333336,0.0,0.0,0.0,0.0,8.858060780977948e-07,2.0293380941530236e-05,-1.5999999999999999,0.0,0.0,-66.66666666666667,99.99999954218192,0.0030111445059377573,0.0
427,2024-11-21 22:00:00,4.365,4.365,4.365,4.365,0.0,1732229999999,0,0,0,0,0,4.364999999999991,4.362660273132782,6.81276868519376e-06,1.0018767641466007e-05,-3.2059989562722477e-06,4.365000000000002,4.365000000000002,4.365000000000002,99.99999977109097,0.0,-1.1842378929335004e-14,100.0,66.66666666666667,0.0,0.0,0.0,0.0,8.225342153765237e-07,1.884385373142093e-05,-1.5999999999999999,0.0,0.0,-66.66666666666667,99.99999954218192,0.0028526750072144225,0.0
428,2024-11-21 23:00:00,4.365,4.365,4.365,4.365,0.0,1732233599999,0,0,0,0,0,4.364999999999991,4.362752027127575,6.308119510300969e-06,9.276638015232999e-06,-2.96851850493203e-06,4.365000000000002,4.365000000000002,4.365000000000002,99.99999977109097,0.0,-1.1842378929335004e-14,100.0,100.0,0.0,0.0,0.0,0.0,7.637817714210577e-07,1.7497864179176578e-05,-1.5999999999999999,0.0,0.0,-66.66666666666667,99.99999954218192,0.0027023345164245427,0.0
429,2024-11-22 00:00:00,4.365,4.365,4.365,4.365,0.0,1732237199999,0,0,0,0,0,4.364999999999991,4.362840182926494,5.840851700966709e-06,8.589480752379741e-06,-2.7486290514130318e-06,4.365000000000002,4.365000000000002,4.365000000000002,99.99999977109097,0.0,-1.1842378929335004e-14,100.0,100.0,0.0,0.0,0.0,0.0,7.092259306052678e-07,1.624801673780682e-05,-1.5999999999999999,0.0,0.0,-66.66666666666667,99.99999954218194,0.0025597198044291503,0.0
430,2024-11-22 01:00:00,4.365,4.365,4.365,4.365,0.0,1732240799999,0,0,0,0,0,4.364999999999991,4.362924881635259,5.408196275702437e-06,7.95322385704428e-06,-2.545027581341843e-06,4.365000000000002,4.365000000000002,4.365000000000002,99.99999977109097,0.0,-1.1842378929335004e-14,0.0,66.66666666666667,0.0,0.0,0.0,0.0,6.585669355620344e-07,1.5087444113677762e-05,-1.5999999999999999,0.0,0.0,-66.66666666666667,99.99999954218195,0.0024244467411893567,0.0
431,2024-11-22 02:00:00,4.365,4.365,4.365,4.365,0.0,1732244399999,0,0,0,0,0,4.364999999999991,4.363006258826033,5.007589360950249e-06,7.364096957825474e-06,-2.356507596875225e-06,4.365000000000002,4.365000000000002,4.365000000000002,99.99999977109097,0.0,-1.1842378929335004e-14,0.0,33.333333333333336,0.0,0.0,0.0,0.0,6.115264401647462e-07,1.400976953412935e-05,-1.5999999999999999,0.0,0.0,-66.66666666666667,99.99999954218194,0.0022961494509088354,0.0
432,2024-11-22 03:00:00,4.365,4.365,4.365,4.365,0.0,1732247999999,0,0,0,0,0,4.364999999999991,4.363084444754424,4.636656998791011e-06,6.818608966018581e-06,-2.18195196722757e-06,4.365000000000002,4.365000000000002,4.365000000000002,99.99999977109097,0.0,-1.1842378929335004e-14,0.0,0.0,0.0,0.0,0.0,0.0,5.678459801529786e-07,1.3009071710262969e-05,-1.5999999999999999,0.0,0.0,-66.66666666666667,99.99999954218194,0.0021744795003053596,0.0
433,2024-11-22 04:00:00,4.365,4.365,4.365,4.365,0.0,1732251599999,0,0,0,0,0,4.364999999999991,4.363159564567976,4.293201079086373e-06,6.3135273886321394e-06,-2.0203263095457666e-06,4.365000000000002,4.365000000000002,4.365000000000002,99.99999977109097,0.0,-1.1842378929335004e-14,0.0,0.0,0.0,0.0,0.0,0.0,5.272855529991944e-07,1.207985230238704e-05,-1.5999999999999999,0.0,0.0,-66.66666666666667,99.99999954218192,0.002059105119411875,0.0
434,2024-11-22 05:00:00,4.365,4.365,4.365,4.365,0.0,1732255199999,0,0,0,0,0,4.364999999999991,4.363231738506487,3.975186316118595e-06,5.845859174129431e-06,-1.8706728580108354e-06,4.365000000000002,4.365000000000002,4.365000000000002,99.99999977109097,0.0,-1.1842378929335004e-14,0.0,0.0,0.0,0.0,0.0,0.0,4.896222992135377e-07,1.1217005709359397e-05,-1.5999999999999999,0.0,0.0,-66.66666666666667,99.99999954218194,0.0019497104535304288,0.0
435,2024-11-22 06:00:00,4.365,4.365,4.365,4.365,0.0,1732258799999,0,0,0,0,0,4.364999999999991,4.363301082094468,3.6807281817985427e-06,5.412832975663253e-06,-1.7321047938647103e-06,4.365000000000002,4.365000000000002,4.365000000000002,99.99999977109097,0.0,-1.1842378929335004e-14,0.0,0.0,0.0,0.0,0.0,0.0,4.5464927784114213e-07,1.0415791015833726e-05,-1.5999999999999999,0.0,0.0,-66.66666666666667,99.99999954218192,0.001845994845628418,0.0
436,2024-11-22 07:00:00,4.365,4.365,4.365,4.365,0.0,1732262399999,0,0,0,0,0,4.364999999999991,4.363367706326057,3.4080817439274824e-06,5.011882729316099e-06,-1.6038009853886165e-06,4.365000000000002,4.365000000000002,4.365000000000002,99.99999977109097,0.0,-1.1842378929335004e-14,0.0,0.0,0.0,0.0,0.0,0.0,4.221743294239177e-07,9.671805943274174e-06,-1.5999999999999999,0.0,0.0,-66.66666666666667,99.99999954218192,0.0017476721479559032,0.0
437,2024-11-22 08:00:00,4.365,4.365,4.365,4.365,0.0,1732265999999,0,0,0,0,0,4.364999999999991,4.3634317178426825,3.155631323359387e-06,4.640632448124756e-06,-1.4850011247653693e-06,4.365000000000002,4.365000000000002,4.365000000000002,99.99999977109097,0.0,-1.1842378929335004e-14,0.0,0.0,0.0,0.0,0.0,0.0,3.9201902017935216e-07,8.980962661611733e-06,-1.5999999999999999,0.0,0.0,-66.66666666666667,99.99999954218195,0.0016544700619514074,0.0
438,2024-11-22 09:00:00,4.365,4.365,4.365,4.365,0.0,1732269599999,0,0,0,0,0,4.364999999999991,4.363493219103754,2.9218809221021047e-06,4.296882142920226e-06,-1.3750012208181213e-06,4.365000000000002,4.365000000000002,4.365000000000002,99.99999977109097,0.0,-1.1842378929335004e-14,0.0,0.0,0.0,0.0,0.0,0.0,3.6401766159511273e-07,8.339465328639466e-06,-1.5999999999999999,0.0,0.0,-66.66666666666667,99.99999954218194,0.001566129505570224,0.0
439,2024-11-22 10:00:00,4.365,4.365,4.365,4.365,0.0,1732273199999,0,0,0,0,0,4.364999999999991,4.363552308550665,2.7054453557440183e-06,3.978594785484984e-06,-1.273149429740966e-06,4.365000000000002,4.365000000000002,4.365000000000002,99.99999977109097,0.0,-1.1842378929335004e-14,0.0,0.0,0.0,0.0,0.0,0.0,3.380164000526047e-07,7.743789233736648e-06,-1.5999999999999999,0.0,0.0,-66.66666666666667,99.99999954218192,0.0014824040068583955,0.0
440,2024-11-22 11:00:00,4.365,4.365,4.365,4.365,0.0,1732276799999,0,0,0,0,0,4.364999999999991,4.363609080764364,2.505042044020911e-06,3.6838842371921696e-06,-1.1788421931712587e-06,4.365000000000002,4.365000000000002,4.365000000000002,99.99999977109097,0.0,-1.1842378929335004e-14,0.0,0.0,0.0,0.0,0.0,0.0,3.1387237147741865e-07,7.190661431326888e-06,-1.5999999999999999,0.0,0.0,-66.66666666666667,99.99999954218194,0.0014030591233060719,0.0
441,2024-11-22 12:00:00,4.365,4.365,4.365,4.365,0.0,1732280399999,0,0,0,0,0,4.364999999999991,4.363663626616742,2.3194834142259424e-06,3.4110040725989243e-06,-1.0915206583729819e-06,4.365000000000002,4.365000000000002,4.365000000000002,99.99999977109097,0.0,-1.1842378929335004e-14,0.0,0.0,0.0,0.0,0.0,0.0,2.914529163718888e-07,6.677042757660682e-06,-1.5999999999999999,0.0,0.0,-66.66666666666667,99.99999954218192,0.0013278718852038907,0.0
442,2024-11-22 13:00:00,4.365,4.365,4.365,4.365,0.0,1732283999999,0,0,0,0,0,4.364999999999991,4.363716033416086,2.1476698623956736e-06,3.158337230558274e-06,-1.0106673681626004e-06,4.365000000000002,4.365000000000002,4.365000000000002,99.99999977109097,0.0,-1.1842378929335004e-14,0.0,0.0,0.0,0.0,0.0,0.0,2.7063485091675387e-07,6.200111132113491e-06,-1.5999999999999999,0.0,0.0,-66.66666666666667,99.99999954218194,0.0012566302633798543,0.0
443,2024-11-22 14:00:00,4.365,4.365,4.365,4.365,0.0,1732287599999,0,0,0,0,0,4.364999999999991,4.363766385046827,1.988583234968644e-06,2.9243864314403478e-06,-9.358031964717039e-07,4.365000000000002,4.365000000000002,4.365000000000002,99.99999977109097,0.0,-1.1842378929335004e-14,0.0,0.0,0.0,0.0,0.0,0.0,2.5130379013698573e-07,5.757246051248241e-06,-1.5999999999999999,0.0,0.0,-66.66666666666667,99.99999954218192,0.0011891326590962592,0.0
444,2024-11-22 15:00:00,4.365,4.365,4.365,4.365,0.0,1732291199999,0,0,0,0,0,4.364999999999991,4.363814762103814,1.8412807980539014e-06,2.7077653047630586e-06,-8.664845067091572e-07,4.365000000000002,4.365000000000002,4.365000000000002,99.99999977109097,0.0,-1.1842378929335004e-14,0.0,0.0,0.0,0.0,0.0,0.0,2.3335351941291532e-07,5.346014190444795e-06,-1.5999999999999999,0.0,0.0,-66.66666666666667,99.99999954218194,0.0011251874163287212,0.0
445,2024-11-22 16:00:00,4.365,4.365,4.365,4.365,0.0,1732294799999,0,0,0,0,0,4.364999999999991,4.363861242021311,1.7048896481242082e-06,2.5071901734352887e-06,-8.023005253110805e-07,4.365000000000002,4.365000000000002,4.365000000000002,99.99999977109097,0.0,-1.1842378929335004e-14,0.0,0.0,0.0,0.0,0.0,0.0,2.1668541088342134e-07,4.964156033984452e-06,-1.5999999999999999,0.0,0.0,-66.66666666666667,99.99999954218192,0.0010646123549618025,0.0
446,2024-11-22 17:00:00,4.365,4.365,4.365,4.365,0.0,1732298399999,0,0,0,0,0,4.364999999999991,4.363905899196946,1.5786015437058154e-06,2.321472447489394e-06,-7.428709037835785e-07,4.365000000000002,4.365000000000002,4.365000000000002,99.99999977109097,0.0,-1.1842378929335004e-14,0.0,0.0,0.0,0.0,0.0,0.0,2.012078815346055e-07,4.609573460128419e-06,-1.5999999999999999,0.0,0.0,-66.66666666666667,99.99999954218194,0.001007234324346129,0.0
447,2024-11-22 18:00:00,4.365,4.365,4.365,4.365,0.0,1732301999999,0,0,0,0,0,4.364999999999991,4.363948805110791,1.4616681109913543e-06,2.1495115801897858e-06,-6.878434691984315e-07,4.365000000000002,4.365000000000002,4.365000000000002,99.99999977109097,0.0,-1.1842378929335004e-14,0.0,0.0,0.0,0.0,0.0,0.0,1.868358899964194e-07,4.280318212976389e-06,-1.5999999999999999,0.0,0.0,-66.66666666666667,99.99999954218194,0.0009528887765952732,0.0
448,2024-11-22 19:00:00,4.365,4.365,4.365,4.365,0.0,1732305599999,0,0,0,0,0,4.364999999999991,4.36399002843978,1.3533964118295216e-06,1.9902885465177328e-06,-6.368921346882111e-07,4.365000000000002,4.365000000000002,4.365000000000002,99.99999977109097,0.0,-1.1842378929335004e-14,0.0,0.0,0.0,0.0,0.0,0.0,1.7349046928238946e-07,3.97458119776379e-06,-1.5999999999999999,0.0,0.0,-66.66666666666667,99.99999954218191,0.0009014193583345431,0.0
449,2024-11-22 20:00:00,4.365,4.365,4.365,4.365,0.0,1732309199999,0,0,0,0,0,4.364999999999991,4.364029635167632,1.2531448358998887e-06,1.8428598043941639e-06,-5.897149684942752e-07,4.365000000000002,4.365000000000002,4.365000000000002,99.99999977109097,0.0,-1.1842378929335004e-14,0.0,0.0,0.0,0.0,0.0,0.0,1.610982929050759e-07,3.6906825407806623e-06,-1.5999999999999999,0.0,0.0,-66.66666666666667,99.99999954218192,0.000852677520901679,0.0
450,2024-11-22 21:00:00,4.365,4.365,4.365,4.365,0.0,1732312799999,0,0,0,0,0,4.364999999999991,4.3640676886904695,1.1603193019738e-06,1.706351703910091e-06,-5.46032401936291e-07,4.365000000000002,4.365000000000002,4.365000000000002,99.99999977109097,0.0,-1.1842378929335004e-14,0.0,0.0,0.0,0.0,0.0,0.0,1.4959127198328477e-07,3.427062359296329e-06,-1.5999999999999999,0.0,0.0,-66.66666666666667,99.99999954218191,0.0008065221476449835,0.0
451,2024-11-22 22:00:00,4.365,4.365,4.365,4.365,0.0,1732316399999,0,0,0,0,0,4.364999999999991,4.364104249918294,1.0743697318460477e-06,1.5799553094972823e-06,-5.055855776512347e-07,4.365000000000002,4.365000000000002,4.365000000000002,99.99999977109097,0.0,-1.1842378929335004e-14,0.0,0.0,0.0,0.0,0.0,0.0,1.3890618112733585e-07,3.1822721907751623e-06,-1.5999999999999999,0.0,0.0,-66.66666666666667,99.99999954218195,0.0007628191978081844,0.0
452,2024-11-22 23:00:00,4.365,4.365,4.365,4.365,0.0,1732319999999,0,0,0,0,0,4.364999999999991,4.364139377372479,9.947867951609624e-07,1.4629216066300183e-06,-4.681348114690559e-07,4.365000000000002,4.365000000000002,4.365000000000002,99.99999977109097,0.0,-1.1842378929335004e-14,0.0,0.0,0.0,0.0,0.0,0.0,1.2898431104681186e-07,2.9549670342912224e-06,-1.5999999999999999,0.0,0.0,-66.66666666666667,99.99999954218194,0.0007214413668688024,0.0
453,2024-11-23 00:00:00,4.365,4.365,4.365,4.365,0.0,1732323599999,0,0,0,0,0,4.364999999999991,4.36417312727944,9.21098889605787e-07,1.354557063225172e-06,-4.3345817361938496e-07,4.365000000000002,4.365000000000002,4.365000000000002,99.99999977109097,0.0,-1.1842378929335004e-14,0.0,0.0,0.0,0.0,0.0,0.0,1.1977114597203957e-07,2.7438979604132774e-06,-1.5999999999999999,0.0,0.0,-66.66666666666667,99.99999954218195,0.000682267761620281,0.0
454,2024-11-23 01:00:00,4.8,4.8,4.8,4.8,778.7,1732327199999,3737.7600000,1,778.7,3737.7600000,0,4.386749999999991,4.381264377190051,0.034701707570201634,0.006941425159690907,0.027760282410510727,4.799999999999862,4.452000000000002,4.104000000000141,99.99999999999919,33.333333333333336,11.1111111111111,100.0,33.333333333333336,0.4349999999999996,-0.0,9.965635738831601,100.0,0.03107153978749266,0.6473237455727637,777.1,0.0,0.0,466.6666666666569,99.99999999999837,0.0033216431222005127,100.0
455,2024-11-23 02:00:00,4.8,4.8,4.8,4.8,0.0,1732330799999,0,0,0,0,0,4.408499999999991,4.397685382006127,0.06149347238310732,0.01785183460437419,0.04364163777873313,4.96521121524413,4.539000000000002,4.112788784755875,99.99999999999918,66.66666666666667,33.33333333333332,99.99999379189848,66.66666459729949,0.4349999999999996,-0.0,9.965635738831601,100.0,0.02885214408838604,0.6010863351747092,777.1,0.0,0.0,233.33333333333002,99.99999999999837,0.008121168217067876,100.0
456,2024-11-23 03:00:00,4.8,4.8,4.8,4.8,0.0,1732334399999,0,0,0,0,0,4.430249999999992,4.4134624258490245,0.08178339099853904,0.030638145883207162,0.051145245115331875,5.052211215244097,4.626000000000003,4.199788784755909,99.99999999999919,100.0,66.66666666666666,100.0,99.99999793063283,0.4349999999999996,-0.0,9.965635738831601,100.0,0.026791276653501322,0.5581515969479443,777.1,0.0,0.0,155.55555555555455,99.99999999999837,0.014628687748285962,100.0
457,2024-11-23 04:00:00,4.8,4.8,4.8,4.8,0.0,1732337999999,0,0,0,0,0,4.451999999999992,4.428620762090239,0.09674804642660106,0.04386012599188594,0.05288792043471512,5.0609999999997815,4.713000000000003,4.365000000000224,99.99999999999918,100.0,88.88888888888887,99.99999379189848,99.99999586126565,0.4349999999999996,-0.0,9.965635738831601,100.0,0.024877614035394086,0.5182836257373767,777.1,0.0,0.0,116.66666666666643,99.99999999999835,0.022450934503148723,100.0
458,2024-11-23 05:00:00,4.8,4.8,4.8,4.8,0.0,1732341599999,0,0,0,0,0,4.473749999999992,4.443184653772975,0.10736994972292724,0.056562090738094206,0.05080785898483303,4.800000000000003,4.800000000000003,4.800000000000003,99.99999999999918,66.66666666666667,88.88888888888887,0.0,66.66666459729949,0.4349999999999996,-0.0,9.965635738831601,100.0,0.02310064160429451,0.4812633667561356,777.1,0.0,0.0,93.33333333333343,99.99999999999835,0.031247094898168015,100.0
459,2024-11-23 06:00:00,4.8,4.8,4.8,4.8,0.0,1732345199999,0,0,0,0,0,4.495499999999992,4.457177412448544,0.11446836455938936,0.06814334550235324,0.04632501905703612,4.800000000000003,4.800000000000003,4.800000000000003,99.99999999999918,33.333333333333336,66.66666666666666,0.0,33.33333126396616,0.4349999999999996,-0.0,9.965635738831601,100.0,0.021450595775416328,0.44688741198784016,777.1,0.0,0.0,77.77777777777773,99.99999999999835,0.040723130770126126,100.0
460,2024-11-23 07:00:00,4.8,4.8,4.8,4.8,1.4,1732348799999,6.7200000,1,1.4,6.7200000,0,4.517249999999992,4.470621435489778,0.11872531789782048,0.07825973998144668,0.0404655779163738,4.800000000000003,4.800000000000003,4.800000000000003,99.99999999999918,0.0,33.33333333333332,0.0,0.0,0.4349999999999996,-0.0,9.965635738831601,100.0,0.01991841036288659,0.4149668825601373,777.1,0.0,0.0,66.66666666666708,99.99999999999837,0.05062673018227937,100.0
461,2024-11-23 08:00:00,4.8,4.8,4.8,4.8,0.0,1732352399999,0,0,0,0,0,4.538999999999993,4.483538241941159,0.12070754267410955,0.08674930051997926,0.03395824215413029,4.800000000000003,4.800000000000003,4.800000000000003,99.99999999999918,0.0,11.1111111111111,0.0,0.0,0.4349999999999996,-0.0,9.965635738831601,100.0,0.018495666765537547,0.3853263909486989,777.1,0.0,0.0,58.33333333333361,99.99999999999835,0.06074278889833806,42.857142857142854
462,2024-11-23 09:00:00,4.8,4.8,4.8,4.8,0.0,1732355999999,0,0,0,0,0,4.5607499999999925,4.4959485069630745,0.12088498325183927,0.09357643706635126,0.027308546185488017,4.800000000000003,4.800000000000003,4.800000000000003,99.99999999999916,0.0,-1.1842378929335004e-14,0.0,0.0,0.4349999999999996,-0.0,9.965635738831601,100.0,0.017174547710856296,0.35780307730950617,777.1,0.0,0.0,51.85185185185204,99.99999999999835,0.07088934614489784,42.857142857142854
463,2024-11-23 10:00:00,4.8,4.8,4.8,4.8,0.0,1732359599999,0,0,0,0,0,4.5824999999999925,4.507872094925307,0.11964639700075086,0.09879042905323118,0.020855967947519677,4.800000000000003,4.800000000000003,4.800000000000003,99.99999999999918,0.0,-1.1842378929335004e-14,100.0,33.333333333333336,0.4349999999999996,-0.0,9.965635738831601,100.0,0.01594779430293799,0.33224571464454145,777.1,0.0,0.0,46.66666666666677,99.99999999999835,0.08091391493627587,42.857142857142854
464,2024-11-23 11:00:00,4.8,4.8,4.8,4.8,0.0,1732363199999,0,0,0,0,0,4.604249999999992,4.519328091202746,0.1173125029635651,0.10249484383529797,0.01481765912826713,4.800000000000003,4.800000000000003,4.800000000000003,99.99999999999918,0.0,-1.1842378929335004e-14,100.0,66.66666666666667,0.0,-0.0,0.0,100.0,0.014808666138442419,0.3085138778842171,777.1,0.0,0.0,42.4242424242427,99.99999999999835,0.09069015980589512,42.857142857142854
465,2024-11-23 12:00:00,4.8,4.8,4.8,4.8,0.0,1732366799999,0,0,0,0,0,4.625999999999992,4.530334832724207,0.1141470588835638,0.10482528684495114,0.00932177203861266,4.800000000000003,4.800000000000003,4.800000000000003,99.99999999999918,0.0,-1.1842378929335004e-14,100.0,100.0,0.0,-0.0,0.0,100.0,0.013750904271410817,0.2864771723210587,777.1,0.0,0.0,38.88888888888912,99.99999999999835,0.1001148842303623,42.857142857142854
466,2024-11-23 13:00:00,4.8,4.8,4.8,4.8,0.0,1732370399999,0,0,0,0,0,4.647749999999993,4.540909937323257,0.11036618891907768,0.10593346725977645,0.004432721659301225,4.800000000000003,4.800000000000003,4.800000000000003,99.99999999999919,0.0,-1.1842378929335004e-14,100.0,100.0,0.0,-0.0,0.0,100.0,0.012768696823452901,0.2660145171552688,777.1,0.0,0.0,35.897435897436644,99.99999999999837,0.10910529708185734,42.857142857142854
467,2024-11-23 14:00:00,4.8,4.8,4.8,4.8,0.0,1732373999999,0,0,0,0,0,4.669499999999993,4.551070331938032,0.10614623451477634,0.10597602071077643,0.0001702138039999107,4.800000000000003,4.800000000000003,4.800000000000003,99.99999999999918,0.0,-1.1842378929335004e-14,0.0,66.66666666666667,0.0,0.0,0.0,100.0,0.011856647050349122,0.24701348021560673,777.1,0.0,0.0,66.66666666666667,99.99999999999835,0.11759653268401671,42.857142857142854
468,2024-11-23 15:00:00,4.8,4.8,4.8,4.8,0.0,1732377599999,0,0,0,0,0,4.691249999999993,4.560832279705168,0.10163035873345994,0.10510688831531313,-0.0034765295818531966,4.800000000000003,4.800000000000003,4.800000000000003,99.99999999999918,0.0,-1.1842378929335004e-14,0.0,33.333333333333336,0.0,0.0,0.0,0.0,0.0110097436896099,0.22936966020020624,777.1,0.0,0.0,66.66666666666667,99.99999999999835,0.12553940292012733,14.285714285714285
469,2024-11-23 16:00:00,4.8,4.8,4.8,4.8,0.0,1732381199999,0,0,0,0,0,4.712999999999993,4.570211405991239,0.09693409869130587,0.10347233039051168,-0.00653823169920581,4.800000000000003,4.800000000000003,4.800000000000003,99.99999999999919,0.0,-1.1842378929335004e-14,100.0,33.333333333333336,0.0,0.0,0.0,0.0,0.010223333426066334,0.21298611304304865,777.1,0.0,0.0,66.66666666666667,99.99999999999837,0.13289836270449218,14.285714285714285
470,2024-11-23 17:00:00,4.8,4.8,4.8,4.8,0.0,1732384799999,0,0,0,0,0,4.734749999999993,4.579222723403348,0.09215003058202598,0.10120787042881454,-0.009057839846788568,4.800000000000003,4.800000000000003,4.800000000000003,99.99999999999918,0.0,-1.1842378929335004e-14,0.0,33.333333333333336,0.0,0.0,0.0,0.0,0.009493095324204453,0.19777281925425944,777.1,0.0,0.0,66.66666666666667,99.99999999999835,0.13964967224637803,14.285714285714285
471,2024-11-23 18:00:00,4.8,4.8,4.8,4.8,0.0,1732388399999,0,0,0,0,0,4.756499999999994,4.5878806558189025,0.08735168627325063,0.09843663359770176,-0.01108494732445113,4.800000000000003,4.800000000000003,4.800000000000003,99.99999999999918,0.0,-1.1842378929335004e-14,0.0,33.333333333333336,0.0,0.0,0.0,0.0,0.008815017086761278,0.18364618930752666,777.1,0.0,0.0,66.66666666666667,99.99999999999835,0.14577974111920078,14.285714285714285
472,2024-11-23 19:00:00,4.8,4.8,4.8,4.8,0.0,1732391999999,0,0,0,0,0,4.778249999999994,4.5961990614730635,0.08259683889431457,0.09526867465702432,-0.012671835762709749,4.800000000000003,4.800000000000003,4.800000000000003,99.99999999999918,0.0,-1.1842378929335004e-14,0.0,0.0,0.0,0.0,0.0,0.0,0.008185373009135473,0.17052860435698902,777.1,0.0,0.0,66.66666666666667,99.99999999999835,0.15128364035361663,14.285714285714285
473,2024-11-23 20:00:00,4.8,4.8,4.8,4.8,0.0,1732395599999,0,0,0,0,0,4.799999999999994,4.604191255140787,0.07793025660148079,0.09180099104591562,-0.013870734444434832,4.800000000000003,4.800000000000003,4.800000000000003,99.99999999999918,0.0,-1.1842378929335004e-14,0.0,0.0,0.0,0.0,0.0,0.0,0.007600703508482938,0.1583479897600612,777.1,0.0,0.0,66.66666666666667,99.99999999999835,0.15616376971934187,14.285714285714285
474,2024-11-23 21:00:00,4.8,4.8,4.8,4.8,0.0,1732399199999,0,0,0,0,0,4.799999999999994,4.611870029448991,0.0733860082911244,0.08811799449495737,-0.014731986203832967,4.800000000000003,4.800000000000003,4.800000000000003,99.99999999999918,0.0,-1.1842378929335004e-14,0.0,0.0,0.0,0.0,0.0,0.0,0.007057796115019872,0.147037419062914,777.1,0.0,0.0,66.66666666666667,99.99999999999835,0.1604286681359257,14.285714285714285
475,2024-11-23 22:00:00,4.8,4.8,4.8,4.8,0.0,1732402799999,0,0,0,0,0,4.799999999999994,4.619247675352953,0.0689893919990654,0.08429227399577897,-0.015302881996713577,4.800000000000003,4.800000000000003,4.800000000000003,99.99999999999918,0.0,-1.1842378929335004e-14,0.0,0.0,0.0,0.0,0.0,0.0,0.006553667821089881,0.13653474627270584,777.1,0.0,0.0,66.66666666666667,99.99999999999835,0.16409195581605918,14.285714285714285
476,2024-11-23 23:00:00,4.8,4.8,4.8,4.8,0.0,1732406399999,0,0,0,0,0,4.799999999999994,4.626336001809699,0.06475854570757811,0.0803855283381388,-0.0156269826305607,4.800000000000003,4.800000000000003,4.800000000000003,99.99999999999919,0.0,-1.1842378929335004e-14,100.0,33.333333333333336,0.0,0.0,0.0,0.0,0.006085548691012033,0.12678226439608403,777.1,0.0,0.0,66.66666666666667,99.99999999999838,0.16717139734492292,14.285714285714285
477,2024-11-24 00:00:00,4.8,4.8,4.8,4.8,0.0,1732409999999,0,0,0,0,0,4.799999999999994,4.633146354679907,0.060705790969716844,0.07644958086445441,-0.01574378989473757,4.800000000000003,4.800000000000003,4.800000000000003,99.99999999999919,0.0,-1.1842378929335004e-14,100.0,66.66666666666667,0.0,0.0,0.0,0.0,0.005650866641654031,0.11772638836779231,777.1,0.0,0.0,66.66666666666667,99.99999999999837,0.1696880754606278,14.285714285714285
478,2024-11-24 01:00:00,4.8,4.8,4.8,4.8,0.0,1732413599999,0,0,0,0,0,4.799999999999994,4.639689634888538,0.056838751890539996,0.07252741506967153,-0.015688663179131535,4.800000000000003,4.800000000000003,4.800000000000003,99.99999999999918,0.0,-1.1842378929335004e-14,0.0,66.66666666666667,0.0,0.0,0.0,0.0,0.005247233310107314,0.10931736062723572,777.1,0.0,0.0,66.66666666666667,99.99999999999835,0.17166566584518872,14.285714285714285
479,2024-11-24 02:00:00,4.8,4.8,4.8,4.8,0.0,1732417199999,0,0,0,0,0,4.799999999999994,4.645976315873301,0.05316128535397091,0.0686541891265314,-0.01549290377256049,4.800000000000003,4.800000000000003,4.800000000000003,99.99999999999918,0.0,-1.1842378929335004e-14,0.0,33.333333333333336,0.0,0.0,0.0,0.0,0.004872430930813935,0.10150897772529031,777.1,0.0,0.0,66.66666666666667,99.99999999999835,0.17312980377273135,14.285714285714285
480,2024-11-24 03:00:00,4.8,4.8,4.8,4.8,0.0,1732420799999,0,0,0,0,0,4.799999999999994,4.652016460348857,0.049674252764305926,0.0648582018540863,-0.01518394908978038,4.800000000000003,4.800000000000003,4.800000000000003,99.99999999999918,0.0,-1.1842378929335004e-14,0.0,0.0,0.0,0.0,0.0,0.0,0.004524400150041511,0.09425833645919815,777.1,0.0,0.0,66.66666666666667,99.99999999999835,0.17410753399595968,14.285714285714285
481,2024-11-24 04:00:00,4.8,4.8,4.8,4.8,77.3,1732424399999,371.0400000,2,77.3,371.0400000,0,4.799999999999994,4.657819736413608,0.04637615882352275,0.06116179324797359,-0.014785634424450841,4.800000000000003,4.800000000000003,4.800000000000003,99.99999999999918,0.0,-1.1842378929335004e-14,0.0,0.0,0.0,0.0,0.0,0.0,0.004201228710752831,0.08752559814068399,777.1,0.0,0.0,66.66666666666667,99.99999999999835,0.17462683578632898,14.285714285714285
482,2024-11-24 05:00:00,4.8,4.8,4.8,4.8,0.0,1732427999999,0,0,0,0,0,4.799999999999994,4.6633954330248395,0.043263678854834176,0.05758217036934571,-0.014318491514511533,4.800000000000003,4.800000000000003,4.800000000000003,99.99999999999918,0.0,-1.1842378929335004e-14,0.0,0.0,0.0,0.0,0.0,0.0,0.0039011409456990577,0.08127376970206371,777.1,0.0,0.0,66.66666666666667,99.99999999999835,0.17471621557449968,0.0
483,2024-11-24 06:00:00,4.8,4.8,4.8,4.8,142.6,1732431599999,684.4800000,1,142.6,684.4800000,0,4.799999999999994,4.668752474867003,0.04033209279555017,0.0541321548545866,-0.01380006205903643,4.800000000000003,4.800000000000003,4.800000000000003,99.99999999999919,0.0,-1.1842378929335004e-14,100.0,33.333333333333336,0.0,0.0,0.0,0.0,0.0036224880210062676,0.07546850043763058,777.1,0.0,0.0,66.66666666666667,99.99999999999837,0.17440436016480376,0.0
484,2024-11-24 07:00:00,4.8,4.8,4.8,4.8,0.0,1732435199999,0,0,0,0,0,4.799999999999994,4.673899436636924,0.037575641121803116,0.050820852108029904,-0.013245210986226788,4.800000000000003,4.800000000000003,4.800000000000003,99.99999999999918,0.0,-1.1842378929335004e-14,0.0,33.333333333333336,0.0,0.0,0.0,0.0,0.0033637388766486766,0.0700778932635141,777.1,0.0,0.0,66.66666666666667,99.99999999999835,0.17371984401544083,0.0
485,2024-11-24 08:00:00,4.8,4.8,4.8,4.8,0.0,1732438799999,0,0,0,0,0,4.799999999999994,4.6788445567688095,0.034987815552664614,0.047654244796956846,-0.012666429244292232,4.800000000000003,4.800000000000003,4.800000000000003,99.99999999999918,0.0,-1.1842378929335004e-14,0.0,33.333333333333336,0.0,0.0,0.0,0.0,0.003123471814030914,0.06507232945897738,777.1,0.0,0.0,66.66666666666667,99.99999999999835,0.17269088458224946,0.0
486,2024-11-24 09:00:00,5.29,7.14,5.29,7.1,82373.7,1732442399999,530198.9480000,8,29955.0,212680.5760000,0,4.914999999999994,4.773791829052386,0.21603737881840868,0.08133087160124722,0.13470650721716146,7.099999999999952,5.260000000000003,3.4200000000000546,99.99999999999999,32.763532763532766,10.921177587844243,100.00000000000001,33.333333333333336,2.3,-1.709401709401711,47.91666666666667,100.0,0.1700432238273144,2.3949749834833014,83150.8,78811.59405405405,25076.41628992629,466.6666666666682,99.99999999999997,0.18498246873230872,98.29059829059828
487,2024-11-24 10:00:00,7.1,7.1,7.1,7.1,0.0,1732445999999,0,0,0,0,0,5.029999999999993,4.865015678893469,0.3554233628150065,0.13614936984399909,0.21927399297100744,7.97353056336048,5.720000000000003,3.4664694366395263,99.99999999999997,65.52706552706553,32.76353276353276,98.24561403508773,66.08187134502924,2.3,-1.709401709401711,47.91666666666667,100.0,0.15789727926822053,2.223905341805923,83150.8,78811.59405405405,33055.276018539196,273.38597949570527,99.99999999999997,0.2078882803654869,98.29059829059828
488,2024-11-24 11:00:00,7.1,7.1,7.1,7.1,0.0,1732449599999,0,0,0,0,0,5.144999999999993,4.952662122858431,0.4605784971392364,0.20103519530304653,0.25954330183618984,8.433530563360492,6.180000000000002,3.926469436639513,99.99999999999997,98.29059829059831,65.52706552706553,98.24561403508773,98.83040935672516,2.3,-1.709401709401711,47.91666666666667,100.0,0.14661890217763335,2.065054960248357,83150.8,78811.59405405405,33314.329905831815,174.0671373001008,99.99999999999997,0.23904953519406913,98.29059829059828
489,2024-11-24 12:00:00,7.1,7.1,7.1,7.1,0.0,1732453199999,0,0,0,0,0,5.259999999999993,5.036871451373787,0.5377162405882565,0.26837140436008855,0.26934483622816796,8.47999999999996,6.640000000000002,4.800000000000046,99.99999999999997,98.29059829059831,87.36942070275404,98.24561403508773,98.24561403508773,2.3,-1.709401709401711,47.91666666666667,100.0,0.13614612345065955,1.9175510345163318,83150.8,78811.59405405405,30391.731050103175,127.85907859078594,99.99999999999996,0.2764110104959583,98.29059829059828
490,2024-11-24 13:00:00,5.5,5.5,5.5,5.5,29953.1,1732456799999,164742.0500000,1,29953.1,164742.0500000,0,5.294999999999993,5.0550333552414815,0.46438864653164025,0.3075748527943989,0.15681379373724136,8.059999999999963,6.780000000000001,5.500000000000038,52.098116770630845,69.31084931084932,88.63068196401531,0.0,65.49707602339181,0.7000000000000002,-70.08547008547008,14.583333333333348,76.49882120315816,0.24070711463275526,4.376492993322823,53197.700000000004,78811.59405405405,26433.237786386642,2.7290448343080738,4.196233541261689,0.3087856567877578,58.37563451776651
491,2024-11-24 14:00:00,5.5,5.5,5.5,5.5,0.0,1732460399999,0,0,0,0,0,5.329999999999993,5.072483027584953,0.4016460740196859,0.3263890970394563,0.0752569769802296,8.027673435381203,6.460000000000001,4.892326564618799,52.098116770630845,36.54731654731656,68.04958804958805,0.0,32.748538011695906,0.7000000000000002,-70.08547008547008,14.583333333333348,76.49882120315816,0.22351374930184417,4.063886350942622,53197.700000000004,78811.59405405405,22410.832561558367,-1.217391304347729,4.196233541261684,0.3365641507180106,58.37563451776651
492,2024-11-24 15:00:00,5.5,5.5,5.5,5.5,0.0,1732463999999,0,0,0,0,0,5.364999999999993,5.0892483990522095,0.34791162462690384,0.3306936025569458,0.01721802206995804,7.707673435381221,6.140000000000001,4.5723265646187805,52.098116770630845,3.7837837837837944,36.54731654731655,0.0,0.0,0.7000000000000002,-70.08547008547008,14.583333333333348,76.49882120315816,0.2075484814945696,3.7736087544467196,53197.700000000004,78811.59405405405,18727.954736714222,-5.465465465465354,4.196233541261677,0.3601226612565567,58.37563451776651
493,2024-11-24 16:00:00,5.5,5.5,5.5,5.5,0.0,1732467599999,0,0,0,0,0,5.399999999999993,5.105356304971731,0.3018471799502018,0.324924318035597,-0.023077138085395188,7.099999999999985,5.82,4.540000000000015,52.098116770630845,1.0066022089934753e-14,13.443700110366779,0.0,0.0,0.7000000000000002,-70.08547008547008,14.583333333333348,76.49882120315816,0.19272358995924319,3.5040652719862395,53197.700000000004,78811.59405405405,15518.78155957668,-10.03115264797488,4.196233541261681,0.379820759120042,25.018129079042783
494,2024-11-24 17:00:00,5.5,5.5,5.5,5.5,0.0,1732471199999,0,0,0,0,0,5.434999999999993,5.120832528306173,0.2623169491641786,0.3124028442613133,-0.050085895097134736,5.5,5.5,5.5,52.098116770630845,1.0066022089934753e-14,1.261261261261262,0.0,0.0,0.7000000000000002,-70.08547008547008,14.583333333333348,76.49882120315816,0.17895761924786865,3.253774895415794,53197.700000000004,78811.59405405405,12795.139663513459,-14.951456310679472,4.196233541261679,0.39599995478494243,25.018129079042783
495,2024-11-24 18:00:00,5.5,5.5,5.5,5.5,0.0,1732474799999,0,0,0,0,0,5.4699999999999935,5.135701840921617,0.22835660368607869,0.2955935961462664,-0.06723699246018772,5.5,5.5,5.5,52.098116770630845,1.0066022089934753e-14,3.9474596431116695e-16,0.0,0.0,0.7000000000000002,-70.08547008547008,14.583333333333348,76.49882120315816,0.16617493215873516,3.021362402886094,53197.700000000004,78811.59405405405,10517.728009349987,-20.269360269360114,4.196233541261684,0.40898277126235616,25.018129079042783
496,2024-11-24 19:00:00,5.5,5.5,5.5,5.5,0.0,1732478399999,0,0,0,0,0,5.504999999999994,5.149988043238416,0.1991471409475558,0.27630430510652426,-0.07715716415896845,5.5,5.5,5.5,52.098116770630845,1.0066022089934753e-14,3.9474596431116695e-16,0.0,0.0,-1.5999999999999996,-70.08547008547008,-22.535211267605625,76.49882120315816,0.15430529414739694,2.8055508026799445,53197.700000000004,78811.59405405405,8629.902513614928,-26.035087719298158,4.196233541261678,0.4190722640250444,25.018129079042783
497,2024-11-24 20:00:00,5.5,5.5,5.5,5.5,0.0,1732481999999,0,0,0,0,0,5.539999999999994,5.163714002327105,0.173992751155863,0.255841994316392,-0.081849243160529,5.5,5.5,5.5,52.098116770630845,1.0066022089934753e-14,3.9474596431116695e-16,0.0,0.0,-1.5999999999999996,-70.08547008547008,-22.535211267605625,76.49882120315816,0.14328348742258287,2.605154316774234,53197.700000000004,78811.59405405405,7073.073673212886,-32.30769230769221,4.19623354126168,0.42655190817317834,25.018129079042783
498,2024-11-24 21:00:00,5.5,5.5,5.5,5.5,0.0,1732485599999,0,0,0,0,0,5.574999999999994,5.176901688510356,0.15230207253096584,0.23513400995930675,-0.08283193742834091,5.5,5.5,5.5,52.09811677063083,1.0066022089934753e-14,3.9474596431116695e-16,0.0,0.0,-1.5999999999999996,-70.08547008547008,-22.535211267605625,76.49882120315816,0.1330489526066841,2.4190718655760746,53197.700000000004,78811.59405405405,5793.182450029053,-39.15708812260533,4.19623354126167,0.4316857813785324,25.018129079042783
499,2024-11-24 22:00:00,5.5,5.5,5.5,5.5,0.0,1732489199999,0,0,0,0,0,5.609999999999994,5.189572210529558,0.1335723149470036,0.21482167095684612,-0.08124935600984251,5.5,5.5,5.5,52.09811677063083,1.0066022089934753e-14,3.9474596431116695e-16,0.0,0.0,-1.5999999999999996,-88.64864864864865,-22.535211267605625,76.49882120315816,0.12354545599192093,2.2462810180349257,53197.700000000004,78811.59405405405,4742.93763599667,-46.666666666666615,4.196233541261664,0.4347189798073581,25.018129079042783
